1.951344609260559082e-01 7.517375797033309937e-02 -1.499998569488525391e-02 3.440387174487113953e-02 -7.062686681747436523e-01 3.440430015325546265e-02 7.062699794769287109e-01
1.951345950365066528e-01 7.517375051975250244e-02 -1.499995589256286621e-02 3.440392017364501953e-02 -7.062700390815734863e-01 3.440449386835098267e-02 7.062684893608093262e-01
1.951346546411514282e-01 7.517381012439727783e-02 -1.500001549720764160e-02 3.440475091338157654e-02 -7.062711715698242188e-01 3.440367430448532104e-02 7.062674760818481445e-01
1.951345950365066528e-01 7.517376542091369629e-02 -1.499995589256286621e-02 3.440398350358009338e-02 -7.062702178955078125e-01 3.440427407622337341e-02 7.062684297561645508e-01
1.951345950365066528e-01 7.517375797033309937e-02 -1.499995589256286621e-02 3.440406173467636108e-02 -7.062703967094421387e-01 3.440433368086814880e-02 7.062683105468750000e-01
1.951345950365066528e-01 7.517375797033309937e-02 -1.499995589256286621e-02 3.440383076667785645e-02 -7.062702178955078125e-01 3.440444916486740112e-02 7.062681317329406738e-01
1.951346546411514282e-01 7.517380267381668091e-02 -1.500001549720764160e-02 3.440453484654426575e-02 -7.062706351280212402e-01 3.440377861261367798e-02 7.062677741050720215e-01
1.951345801353454590e-01 7.517375797033309937e-02 -1.499995589256286621e-02 3.440405055880546570e-02 -7.062702178955078125e-01 3.440421447157859802e-02 7.062683105468750000e-01
1.951345950365066528e-01 7.517375797033309937e-02 -1.499995589256286621e-02 3.440398350358009338e-02 -7.062702178955078125e-01 3.440427407622337341e-02 7.062684297561645508e-01
1.951345950365066528e-01 7.517375797033309937e-02 -1.499995589256286621e-02 3.440406173467636108e-02 -7.062703967094421387e-01 3.440433368086814880e-02 7.062683105468750000e-01
1.951345950365066528e-01 7.517375797033309937e-02 -1.499995589256286621e-02 3.440383076667785645e-02 -7.062702178955078125e-01 3.440444916486740112e-02 7.062681317329406738e-01
1.951346546411514282e-01 7.517380267381668091e-02 -1.500001549720764160e-02 3.440453484654426575e-02 -7.062706351280212402e-01 3.440377861261367798e-02 7.062677741050720215e-01
1.951345801353454590e-01 7.517375797033309937e-02 -1.499995589256286621e-02 3.440405055880546570e-02 -7.062702178955078125e-01 3.440421447157859802e-02 7.062683105468750000e-01
1.951345950365066528e-01 7.517375797033309937e-02 -1.499995589256286621e-02 3.440398350358009338e-02 -7.062702178955078125e-01 3.440427407622337341e-02 7.062684297561645508e-01
1.951345950365066528e-01 7.517375797033309937e-02 -1.499995589256286621e-02 3.440406173467636108e-02 -7.062703967094421387e-01 3.440433368086814880e-02 7.062683105468750000e-01
1.951345950365066528e-01 7.517375797033309937e-02 -1.499995589256286621e-02 3.440383076667785645e-02 -7.062702178955078125e-01 3.440444916486740112e-02 7.062681317329406738e-01
1.951346546411514282e-01 7.517380267381668091e-02 -1.500001549720764160e-02 3.440453484654426575e-02 -7.062706351280212402e-01 3.440377861261367798e-02 7.062677741050720215e-01
1.951345801353454590e-01 7.517375797033309937e-02 -1.499995589256286621e-02 3.440405055880546570e-02 -7.062702178955078125e-01 3.440421447157859802e-02 7.062683105468750000e-01
1.951345950365066528e-01 7.517375797033309937e-02 -1.499995589256286621e-02 3.440398350358009338e-02 -7.062702178955078125e-01 3.440427407622337341e-02 7.062684297561645508e-01
1.951345950365066528e-01 7.517375797033309937e-02 -1.499995589256286621e-02 3.440406173467636108e-02 -7.062703967094421387e-01 3.440433368086814880e-02 7.062683105468750000e-01
1.951345950365066528e-01 7.517375797033309937e-02 -1.499995589256286621e-02 3.440383076667785645e-02 -7.062702178955078125e-01 3.440444916486740112e-02 7.062681317329406738e-01
1.951346546411514282e-01 7.517380267381668091e-02 -1.500001549720764160e-02 3.440453484654426575e-02 -7.062706351280212402e-01 3.440377861261367798e-02 7.062677741050720215e-01
1.951345801353454590e-01 7.517375797033309937e-02 -1.499995589256286621e-02 3.440405055880546570e-02 -7.062702178955078125e-01 3.440421447157859802e-02 7.062683105468750000e-01
1.951345950365066528e-01 7.517375797033309937e-02 -1.499995589256286621e-02 3.440398350358009338e-02 -7.062702178955078125e-01 3.440427407622337341e-02 7.062684297561645508e-01
1.951345950365066528e-01 7.517375797033309937e-02 -1.499995589256286621e-02 3.440406173467636108e-02 -7.062703967094421387e-01 3.440433368086814880e-02 7.062683105468750000e-01
1.951345950365066528e-01 7.517375797033309937e-02 -1.499995589256286621e-02 3.440383076667785645e-02 -7.062702178955078125e-01 3.440444916486740112e-02 7.062681317329406738e-01
1.951346546411514282e-01 7.517380267381668091e-02 -1.500001549720764160e-02 3.440453484654426575e-02 -7.062706351280212402e-01 3.440377861261367798e-02 7.062677741050720215e-01
1.951345801353454590e-01 7.517375797033309937e-02 -1.499995589256286621e-02 3.440405055880546570e-02 -7.062702178955078125e-01 3.440421447157859802e-02 7.062683105468750000e-01
1.951345950365066528e-01 7.517375797033309937e-02 -1.499995589256286621e-02 3.440398350358009338e-02 -7.062702178955078125e-01 3.440427407622337341e-02 7.062684297561645508e-01
1.951345950365066528e-01 7.517375797033309937e-02 -1.499995589256286621e-02 3.440406173467636108e-02 -7.062703967094421387e-01 3.440433368086814880e-02 7.062683105468750000e-01
1.951345950365066528e-01 7.517375797033309937e-02 -1.499995589256286621e-02 3.440383076667785645e-02 -7.062702178955078125e-01 3.440444916486740112e-02 7.062681317329406738e-01
1.951346546411514282e-01 7.517380267381668091e-02 -1.500001549720764160e-02 3.440453484654426575e-02 -7.062706351280212402e-01 3.440377861261367798e-02 7.062677741050720215e-01
1.951345801353454590e-01 7.517375797033309937e-02 -1.499995589256286621e-02 3.440405055880546570e-02 -7.062702178955078125e-01 3.440421447157859802e-02 7.062683105468750000e-01
1.951345950365066528e-01 7.517375797033309937e-02 -1.499995589256286621e-02 3.440398350358009338e-02 -7.062702178955078125e-01 3.440427407622337341e-02 7.062684297561645508e-01
1.951345950365066528e-01 7.517375797033309937e-02 -1.499995589256286621e-02 3.440406173467636108e-02 -7.062703967094421387e-01 3.440433368086814880e-02 7.062683105468750000e-01
1.951345950365066528e-01 7.517375797033309937e-02 -1.499995589256286621e-02 3.440383076667785645e-02 -7.062702178955078125e-01 3.440444916486740112e-02 7.062681317329406738e-01
1.951346546411514282e-01 7.517380267381668091e-02 -1.500001549720764160e-02 3.440453484654426575e-02 -7.062706351280212402e-01 3.440377861261367798e-02 7.062677741050720215e-01
1.951345801353454590e-01 7.517375797033309937e-02 -1.499995589256286621e-02 3.440405055880546570e-02 -7.062702178955078125e-01 3.440421447157859802e-02 7.062683105468750000e-01
1.951345950365066528e-01 7.517375797033309937e-02 -1.499995589256286621e-02 3.440398350358009338e-02 -7.062702178955078125e-01 3.440427407622337341e-02 7.062684297561645508e-01
1.951345950365066528e-01 7.517375797033309937e-02 -1.499995589256286621e-02 3.440406173467636108e-02 -7.062703967094421387e-01 3.440433368086814880e-02 7.062683105468750000e-01
1.951345950365066528e-01 7.517375797033309937e-02 -1.499995589256286621e-02 3.440383076667785645e-02 -7.062702178955078125e-01 3.440444916486740112e-02 7.062681317329406738e-01
1.951346546411514282e-01 7.517380267381668091e-02 -1.500001549720764160e-02 3.440453484654426575e-02 -7.062706351280212402e-01 3.440377861261367798e-02 7.062677741050720215e-01
1.951345801353454590e-01 7.517375797033309937e-02 -1.499995589256286621e-02 3.440405055880546570e-02 -7.062702178955078125e-01 3.440421447157859802e-02 7.062683105468750000e-01
1.951345950365066528e-01 7.517375797033309937e-02 -1.499995589256286621e-02 3.440398350358009338e-02 -7.062702178955078125e-01 3.440427407622337341e-02 7.062684297561645508e-01
1.951345950365066528e-01 7.517375797033309937e-02 -1.499995589256286621e-02 3.440406173467636108e-02 -7.062703967094421387e-01 3.440433368086814880e-02 7.062683105468750000e-01
1.951345950365066528e-01 7.517375797033309937e-02 -1.499995589256286621e-02 3.440383076667785645e-02 -7.062702178955078125e-01 3.440444916486740112e-02 7.062681317329406738e-01
1.951346546411514282e-01 7.517380267381668091e-02 -1.500001549720764160e-02 3.440453484654426575e-02 -7.062706351280212402e-01 3.440377861261367798e-02 7.062677741050720215e-01
1.951345801353454590e-01 7.517375797033309937e-02 -1.499995589256286621e-02 3.440405055880546570e-02 -7.062702178955078125e-01 3.440421447157859802e-02 7.062683105468750000e-01
1.951345950365066528e-01 7.517375797033309937e-02 -1.499995589256286621e-02 3.440398350358009338e-02 -7.062702178955078125e-01 3.440427407622337341e-02 7.062684297561645508e-01
1.951345950365066528e-01 7.517375797033309937e-02 -1.499995589256286621e-02 3.440406173467636108e-02 -7.062703967094421387e-01 3.440433368086814880e-02 7.062683105468750000e-01
1.951345950365066528e-01 7.517375797033309937e-02 -1.499995589256286621e-02 3.440383076667785645e-02 -7.062702178955078125e-01 3.440444916486740112e-02 7.062681317329406738e-01
1.951346546411514282e-01 7.517380267381668091e-02 -1.500001549720764160e-02 3.440453484654426575e-02 -7.062706351280212402e-01 3.440377861261367798e-02 7.062677741050720215e-01
1.951345801353454590e-01 7.517375797033309937e-02 -1.499995589256286621e-02 3.440405055880546570e-02 -7.062702178955078125e-01 3.440421447157859802e-02 7.062683105468750000e-01
1.951345950365066528e-01 7.517375797033309937e-02 -1.499995589256286621e-02 3.440398350358009338e-02 -7.062702178955078125e-01 3.440427407622337341e-02 7.062684297561645508e-01
1.951345950365066528e-01 7.517375797033309937e-02 -1.499995589256286621e-02 3.440406173467636108e-02 -7.062703967094421387e-01 3.440433368086814880e-02 7.062683105468750000e-01
1.951345950365066528e-01 7.517375797033309937e-02 -1.499995589256286621e-02 3.440383076667785645e-02 -7.062702178955078125e-01 3.440444916486740112e-02 7.062681317329406738e-01
1.951346546411514282e-01 7.517380267381668091e-02 -1.500001549720764160e-02 3.440453484654426575e-02 -7.062706351280212402e-01 3.440377861261367798e-02 7.062677741050720215e-01
1.951345801353454590e-01 7.517375797033309937e-02 -1.499995589256286621e-02 3.440405055880546570e-02 -7.062702178955078125e-01 3.440421447157859802e-02 7.062683105468750000e-01
1.951345950365066528e-01 7.517375797033309937e-02 -1.499995589256286621e-02 3.440398350358009338e-02 -7.062702178955078125e-01 3.440427407622337341e-02 7.062684297561645508e-01
1.951345950365066528e-01 7.517375797033309937e-02 -1.499995589256286621e-02 3.440406173467636108e-02 -7.062703967094421387e-01 3.440433368086814880e-02 7.062683105468750000e-01
1.951345950365066528e-01 7.517375797033309937e-02 -1.499995589256286621e-02 3.440383076667785645e-02 -7.062702178955078125e-01 3.440444916486740112e-02 7.062681317329406738e-01
1.951346546411514282e-01 7.517380267381668091e-02 -1.500001549720764160e-02 3.440453484654426575e-02 -7.062706351280212402e-01 3.440377861261367798e-02 7.062677741050720215e-01
1.951345801353454590e-01 7.517375797033309937e-02 -1.499995589256286621e-02 3.440405055880546570e-02 -7.062702178955078125e-01 3.440421447157859802e-02 7.062683105468750000e-01
1.951345950365066528e-01 7.517375797033309937e-02 -1.499995589256286621e-02 3.440398350358009338e-02 -7.062702178955078125e-01 3.440427407622337341e-02 7.062684297561645508e-01
1.951345950365066528e-01 7.517375797033309937e-02 -1.499995589256286621e-02 3.440406173467636108e-02 -7.062703967094421387e-01 3.440433368086814880e-02 7.062683105468750000e-01
1.951345950365066528e-01 7.517375797033309937e-02 -1.499995589256286621e-02 3.440383076667785645e-02 -7.062702178955078125e-01 3.440444916486740112e-02 7.062681317329406738e-01
1.951346546411514282e-01 7.517380267381668091e-02 -1.500001549720764160e-02 3.440453484654426575e-02 -7.062706351280212402e-01 3.440377861261367798e-02 7.062677741050720215e-01
1.951345801353454590e-01 7.517375797033309937e-02 -1.499995589256286621e-02 3.440405055880546570e-02 -7.062702178955078125e-01 3.440421447157859802e-02 7.062683105468750000e-01
1.951345950365066528e-01 7.517375797033309937e-02 -1.499995589256286621e-02 3.440398350358009338e-02 -7.062702178955078125e-01 3.440427407622337341e-02 7.062684297561645508e-01
1.951345950365066528e-01 7.517375797033309937e-02 -1.499995589256286621e-02 3.440406173467636108e-02 -7.062703967094421387e-01 3.440433368086814880e-02 7.062683105468750000e-01
1.951345950365066528e-01 7.517375797033309937e-02 -1.499995589256286621e-02 3.440383076667785645e-02 -7.062702178955078125e-01 3.440444916486740112e-02 7.062681317329406738e-01
1.951346546411514282e-01 7.517380267381668091e-02 -1.500001549720764160e-02 3.440453484654426575e-02 -7.062706351280212402e-01 3.440377861261367798e-02 7.062677741050720215e-01
1.951345801353454590e-01 7.517375797033309937e-02 -1.499995589256286621e-02 3.440405055880546570e-02 -7.062702178955078125e-01 3.440421447157859802e-02 7.062683105468750000e-01
1.951345950365066528e-01 7.517375797033309937e-02 -1.499995589256286621e-02 3.440398350358009338e-02 -7.062702178955078125e-01 3.440427407622337341e-02 7.062684297561645508e-01
1.951345950365066528e-01 7.517375797033309937e-02 -1.499995589256286621e-02 3.440406173467636108e-02 -7.062703967094421387e-01 3.440433368086814880e-02 7.062683105468750000e-01
1.951345950365066528e-01 7.517375797033309937e-02 -1.499995589256286621e-02 3.440383076667785645e-02 -7.062702178955078125e-01 3.440444916486740112e-02 7.062681317329406738e-01
1.951346546411514282e-01 7.517380267381668091e-02 -1.500001549720764160e-02 3.440453484654426575e-02 -7.062706351280212402e-01 3.440377861261367798e-02 7.062677741050720215e-01
1.951345801353454590e-01 7.517375797033309937e-02 -1.499995589256286621e-02 3.440405055880546570e-02 -7.062702178955078125e-01 3.440421447157859802e-02 7.062683105468750000e-01
1.951345950365066528e-01 7.517375797033309937e-02 -1.499995589256286621e-02 3.440398350358009338e-02 -7.062702178955078125e-01 3.440427407622337341e-02 7.062684297561645508e-01
1.951345950365066528e-01 7.517375797033309937e-02 -1.499995589256286621e-02 3.440406173467636108e-02 -7.062703967094421387e-01 3.440433368086814880e-02 7.062683105468750000e-01
1.951345950365066528e-01 7.517375797033309937e-02 -1.499995589256286621e-02 3.440383076667785645e-02 -7.062702178955078125e-01 3.440444916486740112e-02 7.062681317329406738e-01
1.951346546411514282e-01 7.517380267381668091e-02 -1.500001549720764160e-02 3.440453484654426575e-02 -7.062706351280212402e-01 3.440377861261367798e-02 7.062677741050720215e-01
1.951345801353454590e-01 7.517375797033309937e-02 -1.499995589256286621e-02 3.440405055880546570e-02 -7.062702178955078125e-01 3.440421447157859802e-02 7.062683105468750000e-01
1.951345950365066528e-01 7.517375797033309937e-02 -1.499995589256286621e-02 3.440398350358009338e-02 -7.062702178955078125e-01 3.440427407622337341e-02 7.062684297561645508e-01
1.951345950365066528e-01 7.517375797033309937e-02 -1.499995589256286621e-02 3.440406173467636108e-02 -7.062703967094421387e-01 3.440433368086814880e-02 7.062683105468750000e-01
1.951345950365066528e-01 7.517375797033309937e-02 -1.499995589256286621e-02 3.440383076667785645e-02 -7.062702178955078125e-01 3.440444916486740112e-02 7.062681317329406738e-01
1.951346546411514282e-01 7.517380267381668091e-02 -1.500001549720764160e-02 3.440453484654426575e-02 -7.062706351280212402e-01 3.440377861261367798e-02 7.062677741050720215e-01
1.951345801353454590e-01 7.517375797033309937e-02 -1.499995589256286621e-02 3.440405055880546570e-02 -7.062702178955078125e-01 3.440421447157859802e-02 7.062683105468750000e-01
1.951345950365066528e-01 7.517375797033309937e-02 -1.499995589256286621e-02 3.440398350358009338e-02 -7.062702178955078125e-01 3.440427407622337341e-02 7.062684297561645508e-01
1.951345950365066528e-01 7.517375797033309937e-02 -1.499995589256286621e-02 3.440406173467636108e-02 -7.062703967094421387e-01 3.440433368086814880e-02 7.062683105468750000e-01
1.951345950365066528e-01 7.517375797033309937e-02 -1.499995589256286621e-02 3.440383076667785645e-02 -7.062702178955078125e-01 3.440444916486740112e-02 7.062681317329406738e-01
1.951346546411514282e-01 7.517380267381668091e-02 -1.500001549720764160e-02 3.440453484654426575e-02 -7.062706351280212402e-01 3.440377861261367798e-02 7.062677741050720215e-01
1.951345801353454590e-01 7.517375797033309937e-02 -1.499995589256286621e-02 3.440405055880546570e-02 -7.062702178955078125e-01 3.440421447157859802e-02 7.062683105468750000e-01
1.951345950365066528e-01 7.517375797033309937e-02 -1.499995589256286621e-02 3.440398350358009338e-02 -7.062702178955078125e-01 3.440427407622337341e-02 7.062684297561645508e-01
1.951345950365066528e-01 7.517375797033309937e-02 -1.499995589256286621e-02 3.440406173467636108e-02 -7.062703967094421387e-01 3.440433368086814880e-02 7.062683105468750000e-01
1.951345950365066528e-01 7.517375797033309937e-02 -1.499995589256286621e-02 3.440383076667785645e-02 -7.062702178955078125e-01 3.440444916486740112e-02 7.062681317329406738e-01
1.951346546411514282e-01 7.517380267381668091e-02 -1.500001549720764160e-02 3.440453484654426575e-02 -7.062706351280212402e-01 3.440377861261367798e-02 7.062677741050720215e-01
1.951345801353454590e-01 7.517375797033309937e-02 -1.499995589256286621e-02 3.440405055880546570e-02 -7.062702178955078125e-01 3.440421447157859802e-02 7.062683105468750000e-01
1.951345950365066528e-01 7.517375797033309937e-02 -1.499995589256286621e-02 3.440398350358009338e-02 -7.062702178955078125e-01 3.440427407622337341e-02 7.062684297561645508e-01
1.951345950365066528e-01 7.517375797033309937e-02 -1.499995589256286621e-02 3.440406173467636108e-02 -7.062703967094421387e-01 3.440433368086814880e-02 7.062683105468750000e-01
1.951345950365066528e-01 7.517375797033309937e-02 -1.499995589256286621e-02 3.440383076667785645e-02 -7.062702178955078125e-01 3.440444916486740112e-02 7.062681317329406738e-01
1.951346546411514282e-01 7.517380267381668091e-02 -1.500001549720764160e-02 3.440453484654426575e-02 -7.062706351280212402e-01 3.440377861261367798e-02 7.062677741050720215e-01
1.951345801353454590e-01 7.517375797033309937e-02 -1.499995589256286621e-02 3.440405055880546570e-02 -7.062702178955078125e-01 3.440421447157859802e-02 7.062683105468750000e-01
1.951345950365066528e-01 7.517375797033309937e-02 -1.499995589256286621e-02 3.440398350358009338e-02 -7.062702178955078125e-01 3.440427407622337341e-02 7.062684297561645508e-01
1.951345950365066528e-01 7.517375797033309937e-02 -1.499995589256286621e-02 3.440406173467636108e-02 -7.062703967094421387e-01 3.440433368086814880e-02 7.062683105468750000e-01
1.951345950365066528e-01 7.517375797033309937e-02 -1.499995589256286621e-02 3.440383076667785645e-02 -7.062702178955078125e-01 3.440444916486740112e-02 7.062681317329406738e-01
1.951346546411514282e-01 7.517380267381668091e-02 -1.500001549720764160e-02 3.440453484654426575e-02 -7.062706351280212402e-01 3.440377861261367798e-02 7.062677741050720215e-01
1.951345801353454590e-01 7.517375797033309937e-02 -1.499995589256286621e-02 3.440405055880546570e-02 -7.062702178955078125e-01 3.440421447157859802e-02 7.062683105468750000e-01
1.951345950365066528e-01 7.517375797033309937e-02 -1.499995589256286621e-02 3.440398350358009338e-02 -7.062702178955078125e-01 3.440427407622337341e-02 7.062684297561645508e-01
1.951345950365066528e-01 7.517375797033309937e-02 -1.499995589256286621e-02 3.440406173467636108e-02 -7.062703967094421387e-01 3.440433368086814880e-02 7.062683105468750000e-01
1.951345950365066528e-01 7.517375797033309937e-02 -1.499995589256286621e-02 3.440383076667785645e-02 -7.062702178955078125e-01 3.440444916486740112e-02 7.062681317329406738e-01
1.951346546411514282e-01 7.517380267381668091e-02 -1.500001549720764160e-02 3.440453484654426575e-02 -7.062706351280212402e-01 3.440377861261367798e-02 7.062677741050720215e-01
1.951345801353454590e-01 7.517375797033309937e-02 -1.499995589256286621e-02 3.440405055880546570e-02 -7.062702178955078125e-01 3.440421447157859802e-02 7.062683105468750000e-01
1.951345950365066528e-01 7.517375797033309937e-02 -1.499995589256286621e-02 3.440398350358009338e-02 -7.062702178955078125e-01 3.440427407622337341e-02 7.062684297561645508e-01
1.951345950365066528e-01 7.517375797033309937e-02 -1.499995589256286621e-02 3.440406173467636108e-02 -7.062703967094421387e-01 3.440433368086814880e-02 7.062683105468750000e-01
1.951345950365066528e-01 7.517375797033309937e-02 -1.499995589256286621e-02 3.440383076667785645e-02 -7.062702178955078125e-01 3.440444916486740112e-02 7.062681317329406738e-01
1.951346546411514282e-01 7.517380267381668091e-02 -1.500001549720764160e-02 3.440453484654426575e-02 -7.062706351280212402e-01 3.440377861261367798e-02 7.062677741050720215e-01
1.951345801353454590e-01 7.517375797033309937e-02 -1.499995589256286621e-02 3.440405055880546570e-02 -7.062702178955078125e-01 3.440421447157859802e-02 7.062683105468750000e-01
1.951345950365066528e-01 7.517375797033309937e-02 -1.499995589256286621e-02 3.440398350358009338e-02 -7.062702178955078125e-01 3.440427407622337341e-02 7.062684297561645508e-01
1.951345950365066528e-01 7.517375797033309937e-02 -1.499995589256286621e-02 3.440406173467636108e-02 -7.062703967094421387e-01 3.440433368086814880e-02 7.062683105468750000e-01
1.951345950365066528e-01 7.517375797033309937e-02 -1.499995589256286621e-02 3.440383076667785645e-02 -7.062702178955078125e-01 3.440444916486740112e-02 7.062681317329406738e-01
1.951346546411514282e-01 7.517380267381668091e-02 -1.500001549720764160e-02 3.440453484654426575e-02 -7.062706351280212402e-01 3.440377861261367798e-02 7.062677741050720215e-01
1.951345801353454590e-01 7.517375797033309937e-02 -1.499995589256286621e-02 3.440405055880546570e-02 -7.062702178955078125e-01 3.440421447157859802e-02 7.062683105468750000e-01
1.951345950365066528e-01 7.517375797033309937e-02 -1.499995589256286621e-02 3.440398350358009338e-02 -7.062702178955078125e-01 3.440427407622337341e-02 7.062684297561645508e-01
1.951345950365066528e-01 7.517375797033309937e-02 -1.499995589256286621e-02 3.440406173467636108e-02 -7.062703967094421387e-01 3.440433368086814880e-02 7.062683105468750000e-01
1.951345950365066528e-01 7.517375797033309937e-02 -1.499995589256286621e-02 3.440383076667785645e-02 -7.062702178955078125e-01 3.440444916486740112e-02 7.062681317329406738e-01
1.951346546411514282e-01 7.517380267381668091e-02 -1.500001549720764160e-02 3.440453484654426575e-02 -7.062706351280212402e-01 3.440377861261367798e-02 7.062677741050720215e-01
1.951345801353454590e-01 7.517375797033309937e-02 -1.499995589256286621e-02 3.440405055880546570e-02 -7.062702178955078125e-01 3.440421447157859802e-02 7.062683105468750000e-01
1.951345950365066528e-01 7.517375797033309937e-02 -1.499995589256286621e-02 3.440398350358009338e-02 -7.062702178955078125e-01 3.440427407622337341e-02 7.062684297561645508e-01
1.951345950365066528e-01 7.517375797033309937e-02 -1.499995589256286621e-02 3.440406173467636108e-02 -7.062703967094421387e-01 3.440433368086814880e-02 7.062683105468750000e-01
1.951345950365066528e-01 7.517375797033309937e-02 -1.499995589256286621e-02 3.440383076667785645e-02 -7.062702178955078125e-01 3.440444916486740112e-02 7.062681317329406738e-01
1.951346546411514282e-01 7.517380267381668091e-02 -1.500001549720764160e-02 3.440453484654426575e-02 -7.062706351280212402e-01 3.440377861261367798e-02 7.062677741050720215e-01
1.951345801353454590e-01 7.517375797033309937e-02 -1.499995589256286621e-02 3.440405055880546570e-02 -7.062702178955078125e-01 3.440421447157859802e-02 7.062683105468750000e-01
1.951345950365066528e-01 7.517375797033309937e-02 -1.499995589256286621e-02 3.440398350358009338e-02 -7.062702178955078125e-01 3.440427407622337341e-02 7.062684297561645508e-01
1.951345950365066528e-01 7.517375797033309937e-02 -1.499995589256286621e-02 3.440406173467636108e-02 -7.062703967094421387e-01 3.440433368086814880e-02 7.062683105468750000e-01
1.951345950365066528e-01 7.517375797033309937e-02 -1.499995589256286621e-02 3.440383076667785645e-02 -7.062702178955078125e-01 3.440444916486740112e-02 7.062681317329406738e-01
1.951346546411514282e-01 7.517380267381668091e-02 -1.500001549720764160e-02 3.440453484654426575e-02 -7.062706351280212402e-01 3.440377861261367798e-02 7.062677741050720215e-01
1.951345801353454590e-01 7.517375797033309937e-02 -1.499995589256286621e-02 3.440405055880546570e-02 -7.062702178955078125e-01 3.440421447157859802e-02 7.062683105468750000e-01
1.951345950365066528e-01 7.517375797033309937e-02 -1.499995589256286621e-02 3.440398350358009338e-02 -7.062702178955078125e-01 3.440427407622337341e-02 7.062684297561645508e-01
1.951345950365066528e-01 7.517375797033309937e-02 -1.499995589256286621e-02 3.440406173467636108e-02 -7.062703967094421387e-01 3.440433368086814880e-02 7.062683105468750000e-01
1.951345950365066528e-01 7.517375797033309937e-02 -1.499995589256286621e-02 3.440383076667785645e-02 -7.062702178955078125e-01 3.440444916486740112e-02 7.062681317329406738e-01
1.951346546411514282e-01 7.517380267381668091e-02 -1.500001549720764160e-02 3.440453484654426575e-02 -7.062706351280212402e-01 3.440377861261367798e-02 7.062677741050720215e-01
1.951345801353454590e-01 7.517375797033309937e-02 -1.499995589256286621e-02 3.440405055880546570e-02 -7.062702178955078125e-01 3.440421447157859802e-02 7.062683105468750000e-01
1.951345950365066528e-01 7.517375797033309937e-02 -1.499995589256286621e-02 3.440398350358009338e-02 -7.062702178955078125e-01 3.440427407622337341e-02 7.062684297561645508e-01
1.951345950365066528e-01 7.517375797033309937e-02 -1.499995589256286621e-02 3.440406173467636108e-02 -7.062703967094421387e-01 3.440433368086814880e-02 7.062683105468750000e-01
1.951345950365066528e-01 7.517375797033309937e-02 -1.499995589256286621e-02 3.440383076667785645e-02 -7.062702178955078125e-01 3.440444916486740112e-02 7.062681317329406738e-01
1.951346546411514282e-01 7.517380267381668091e-02 -1.500001549720764160e-02 3.440453484654426575e-02 -7.062706351280212402e-01 3.440377861261367798e-02 7.062677741050720215e-01
1.951345801353454590e-01 7.517375797033309937e-02 -1.499995589256286621e-02 3.440405055880546570e-02 -7.062702178955078125e-01 3.440421447157859802e-02 7.062683105468750000e-01
1.951345950365066528e-01 7.517375797033309937e-02 -1.499995589256286621e-02 3.440398350358009338e-02 -7.062702178955078125e-01 3.440427407622337341e-02 7.062684297561645508e-01
1.951345950365066528e-01 7.517375797033309937e-02 -1.499995589256286621e-02 3.440406173467636108e-02 -7.062703967094421387e-01 3.440433368086814880e-02 7.062683105468750000e-01
1.951345950365066528e-01 7.517375797033309937e-02 -1.499995589256286621e-02 3.440383076667785645e-02 -7.062702178955078125e-01 3.440444916486740112e-02 7.062681317329406738e-01
1.951346546411514282e-01 7.517380267381668091e-02 -1.500001549720764160e-02 3.440453484654426575e-02 -7.062706351280212402e-01 3.440377861261367798e-02 7.062677741050720215e-01
1.951345801353454590e-01 7.517375797033309937e-02 -1.499995589256286621e-02 3.440405055880546570e-02 -7.062702178955078125e-01 3.440421447157859802e-02 7.062683105468750000e-01
1.951345950365066528e-01 7.517375797033309937e-02 -1.499995589256286621e-02 3.440398350358009338e-02 -7.062702178955078125e-01 3.440427407622337341e-02 7.062684297561645508e-01
1.951345950365066528e-01 7.517375797033309937e-02 -1.499995589256286621e-02 3.440406173467636108e-02 -7.062703967094421387e-01 3.440433368086814880e-02 7.062683105468750000e-01
1.951345950365066528e-01 7.517375797033309937e-02 -1.499995589256286621e-02 3.440383076667785645e-02 -7.062702178955078125e-01 3.440444916486740112e-02 7.062681317329406738e-01
1.951346546411514282e-01 7.517380267381668091e-02 -1.500001549720764160e-02 3.440453484654426575e-02 -7.062706351280212402e-01 3.440377861261367798e-02 7.062677741050720215e-01
1.951345801353454590e-01 7.517375797033309937e-02 -1.499995589256286621e-02 3.440405055880546570e-02 -7.062702178955078125e-01 3.440421447157859802e-02 7.062683105468750000e-01
1.951345950365066528e-01 7.517375797033309937e-02 -1.499995589256286621e-02 3.440398350358009338e-02 -7.062702178955078125e-01 3.440427407622337341e-02 7.062684297561645508e-01
1.951345950365066528e-01 7.517375797033309937e-02 -1.499995589256286621e-02 3.440406173467636108e-02 -7.062703967094421387e-01 3.440433368086814880e-02 7.062683105468750000e-01
1.951345950365066528e-01 7.517375797033309937e-02 -1.499995589256286621e-02 3.440383076667785645e-02 -7.062702178955078125e-01 3.440444916486740112e-02 7.062681317329406738e-01
1.951346546411514282e-01 7.517380267381668091e-02 -1.500001549720764160e-02 3.440453484654426575e-02 -7.062706351280212402e-01 3.440377861261367798e-02 7.062677741050720215e-01
1.951345801353454590e-01 7.517375797033309937e-02 -1.499995589256286621e-02 3.440405055880546570e-02 -7.062702178955078125e-01 3.440421447157859802e-02 7.062683105468750000e-01
1.951345950365066528e-01 7.517375797033309937e-02 -1.499995589256286621e-02 3.440398350358009338e-02 -7.062702178955078125e-01 3.440427407622337341e-02 7.062684297561645508e-01
1.951345950365066528e-01 7.517375797033309937e-02 -1.499995589256286621e-02 3.440406173467636108e-02 -7.062703967094421387e-01 3.440433368086814880e-02 7.062683105468750000e-01
1.951345950365066528e-01 7.517375797033309937e-02 -1.499995589256286621e-02 3.440383076667785645e-02 -7.062702178955078125e-01 3.440444916486740112e-02 7.062681317329406738e-01
1.951346546411514282e-01 7.517380267381668091e-02 -1.500001549720764160e-02 3.440453484654426575e-02 -7.062706351280212402e-01 3.440377861261367798e-02 7.062677741050720215e-01
1.951345801353454590e-01 7.517375797033309937e-02 -1.499995589256286621e-02 3.440405055880546570e-02 -7.062702178955078125e-01 3.440421447157859802e-02 7.062683105468750000e-01
1.951345950365066528e-01 7.517375797033309937e-02 -1.499995589256286621e-02 3.440398350358009338e-02 -7.062702178955078125e-01 3.440427407622337341e-02 7.062684297561645508e-01
1.951345950365066528e-01 7.517375797033309937e-02 -1.499995589256286621e-02 3.440406173467636108e-02 -7.062703967094421387e-01 3.440433368086814880e-02 7.062683105468750000e-01
1.951345950365066528e-01 7.517375797033309937e-02 -1.499995589256286621e-02 3.440383076667785645e-02 -7.062702178955078125e-01 3.440444916486740112e-02 7.062681317329406738e-01
1.951346546411514282e-01 7.517380267381668091e-02 -1.500001549720764160e-02 3.440453484654426575e-02 -7.062706351280212402e-01 3.440377861261367798e-02 7.062677741050720215e-01
1.951345801353454590e-01 7.517375797033309937e-02 -1.499995589256286621e-02 3.440405055880546570e-02 -7.062702178955078125e-01 3.440421447157859802e-02 7.062683105468750000e-01
1.951345950365066528e-01 7.517375797033309937e-02 -1.499995589256286621e-02 3.440398350358009338e-02 -7.062702178955078125e-01 3.440427407622337341e-02 7.062684297561645508e-01
1.951345950365066528e-01 7.517375797033309937e-02 -1.499995589256286621e-02 3.440406173467636108e-02 -7.062703967094421387e-01 3.440433368086814880e-02 7.062683105468750000e-01
1.951345950365066528e-01 7.517375797033309937e-02 -1.499995589256286621e-02 3.440383076667785645e-02 -7.062702178955078125e-01 3.440444916486740112e-02 7.062681317329406738e-01
1.951346546411514282e-01 7.517380267381668091e-02 -1.500001549720764160e-02 3.440453484654426575e-02 -7.062706351280212402e-01 3.440377861261367798e-02 7.062677741050720215e-01
1.951345801353454590e-01 7.517375797033309937e-02 -1.499995589256286621e-02 3.440405055880546570e-02 -7.062702178955078125e-01 3.440421447157859802e-02 7.062683105468750000e-01
1.951345950365066528e-01 7.517375797033309937e-02 -1.499995589256286621e-02 3.440398350358009338e-02 -7.062702178955078125e-01 3.440427407622337341e-02 7.062684297561645508e-01
1.951345950365066528e-01 7.517375797033309937e-02 -1.499995589256286621e-02 3.440406173467636108e-02 -7.062703967094421387e-01 3.440433368086814880e-02 7.062683105468750000e-01
1.951345950365066528e-01 7.517375797033309937e-02 -1.499995589256286621e-02 3.440383076667785645e-02 -7.062702178955078125e-01 3.440444916486740112e-02 7.062681317329406738e-01
1.951346546411514282e-01 7.517380267381668091e-02 -1.500001549720764160e-02 3.440453484654426575e-02 -7.062706351280212402e-01 3.440377861261367798e-02 7.062677741050720215e-01
1.951345801353454590e-01 7.517375797033309937e-02 -1.499995589256286621e-02 3.440405055880546570e-02 -7.062702178955078125e-01 3.440421447157859802e-02 7.062683105468750000e-01
1.951345950365066528e-01 7.517375797033309937e-02 -1.499995589256286621e-02 3.440398350358009338e-02 -7.062702178955078125e-01 3.440427407622337341e-02 7.062684297561645508e-01
1.951345950365066528e-01 7.517375797033309937e-02 -1.499995589256286621e-02 3.440406173467636108e-02 -7.062703967094421387e-01 3.440433368086814880e-02 7.062683105468750000e-01
1.951345950365066528e-01 7.517375797033309937e-02 -1.499995589256286621e-02 3.440383076667785645e-02 -7.062702178955078125e-01 3.440444916486740112e-02 7.062681317329406738e-01
1.951346546411514282e-01 7.517380267381668091e-02 -1.500001549720764160e-02 3.440453484654426575e-02 -7.062706351280212402e-01 3.440377861261367798e-02 7.062677741050720215e-01
1.951345801353454590e-01 7.517375797033309937e-02 -1.499995589256286621e-02 3.440405055880546570e-02 -7.062702178955078125e-01 3.440421447157859802e-02 7.062683105468750000e-01
1.946483254432678223e-01 7.541126757860183716e-02 -1.514789462089538574e-02 3.686307743191719055e-02 -7.055621147155761719e-01 3.973330557346343994e-02 7.065724134445190430e-01
1.933160722255706787e-01 7.588842511177062988e-02 -1.547741889953613281e-02 3.571757301688194275e-02 -7.043181061744689941e-01 4.238523170351982117e-02 7.077174186706542969e-01
1.934147924184799194e-01 7.625157386064529419e-02 -1.564541459083557129e-02 3.582961857318878174e-02 -7.042250633239746094e-01 4.494066908955574036e-02 7.076465487480163574e-01
1.937514394521713257e-01 7.678198069334030151e-02 -1.562735438346862793e-02 3.582112491130828857e-02 -7.036897540092468262e-01 4.700522869825363159e-02 7.080453634262084961e-01
1.932932436466217041e-01 7.766756415367126465e-02 -1.572480797767639160e-02 2.523382566869258881e-02 -7.024780511856079102e-01 3.832880780100822449e-02 7.102243900299072266e-01
1.928633153438568115e-01 7.849384844303131104e-02 -1.600754261016845703e-02 1.561930775642395020e-02 -6.975262165069580078e-01 2.605248056352138519e-02 7.159152030944824219e-01
1.923651546239852905e-01 7.962924987077713013e-02 -1.682910323143005371e-02 2.423579338937997818e-03 -6.935821175575256348e-01 1.206984836608171463e-02 7.202723026275634766e-01
1.922815293073654175e-01 8.097487688064575195e-02 -1.932075619697570801e-02 4.240565758664160967e-04 -6.932913064956665039e-01 1.258186064660549164e-02 7.205473780632019043e-01
1.916711926460266113e-01 8.364034444093704224e-02 -2.448752522468566895e-02 -3.895470872521400452e-03 -6.934819221496582031e-01 1.531374920159578323e-02 7.203007936477661133e-01
1.907103359699249268e-01 8.731991052627563477e-02 -3.088819980621337891e-02 -8.992771618068218231e-03 -6.927554011344909668e-01 1.931704767048358917e-02 7.208576798439025879e-01
1.893685013055801392e-01 9.134396165609359741e-02 -3.723344206809997559e-02 -1.507409289479255676e-02 -6.901846528053283691e-01 2.217769064009189606e-02 7.231362462043762207e-01
1.874627470970153809e-01 9.616268426179885864e-02 -4.305481910705566406e-02 -2.250918932259082794e-02 -6.878998279571533203e-01 2.468430809676647186e-02 7.250364422798156738e-01
1.848883926868438721e-01 1.015774384140968323e-01 -4.789525270462036133e-02 -2.885621041059494019e-02 -6.855582594871520996e-01 2.888917364180088043e-02 7.268717885017395020e-01
1.822730898857116699e-01 1.071568354964256287e-01 -5.154895782470703125e-02 -3.680835291743278503e-02 -6.825373768806457520e-01 3.220257163047790527e-02 7.292124629020690918e-01
1.793522089719772339e-01 1.132903248071670532e-01 -5.483150482177734375e-02 -4.707073420286178589e-02 -6.786921620368957520e-01 3.474413603544235229e-02 7.320887446403503418e-01
1.766983568668365479e-01 1.195522546768188477e-01 -5.749565362930297852e-02 -5.818851292133331299e-02 -6.742138266563415527e-01 3.738561645150184631e-02 7.352905273437500000e-01
1.742151975631713867e-01 1.257853657007217407e-01 -5.981630086898803711e-02 -7.010995596647262573e-02 -6.696066260337829590e-01 4.039663821458816528e-02 7.382948994636535645e-01
1.719364225864410400e-01 1.316814422607421875e-01 -6.180238723754882812e-02 -8.115429431200027466e-02 -6.656346321105957031e-01 4.341457411646842957e-02 7.405807971954345703e-01
1.698946058750152588e-01 1.374412477016448975e-01 -6.333062052726745605e-02 -9.197894483804702759e-02 -6.620661616325378418e-01 4.648433998227119446e-02 7.423256635665893555e-01
1.679427176713943481e-01 1.432562321424484253e-01 -6.459361314773559570e-02 -1.034044250845909119e-01 -6.585321426391601562e-01 4.991583898663520813e-02 7.437413334846496582e-01
1.661525368690490723e-01 1.489524841308593750e-01 -6.579363346099853516e-02 -1.147668436169624329e-01 -6.554252505302429199e-01 5.272640660405158997e-02 7.446250319480895996e-01
1.647364795207977295e-01 1.544861644506454468e-01 -6.700131297111511230e-02 -1.261163800954818726e-01 -6.521982550621032715e-01 5.613793432712554932e-02 7.453728914260864258e-01
1.635434180498123169e-01 1.600467264652252197e-01 -6.839570403099060059e-02 -1.374838650226593018e-01 -6.486156582832336426e-01 5.994916334748268127e-02 7.461915612220764160e-01
1.624394208192825317e-01 1.658106893301010132e-01 -6.960403919219970703e-02 -1.494223922491073608e-01 -6.445541381835937500e-01 6.449004262685775757e-02 7.470367550849914551e-01
1.613550931215286255e-01 1.716099232435226440e-01 -7.084292173385620117e-02 -1.615028083324432373e-01 -6.401835083961486816e-01 6.939132511615753174e-02 7.478412985801696777e-01
1.602208465337753296e-01 1.772439628839492798e-01 -7.227724790573120117e-02 -1.730486005544662476e-01 -6.358733177185058594e-01 7.466945052146911621e-02 7.484276890754699707e-01
1.590408235788345337e-01 1.828387826681137085e-01 -7.390603423118591309e-02 -1.841782629489898682e-01 -6.317280530929565430e-01 8.034833520650863647e-02 7.486937046051025391e-01
1.578552722930908203e-01 1.883826553821563721e-01 -7.578220963478088379e-02 -1.949509680271148682e-01 -6.277580261230468750e-01 8.642533421516418457e-02 7.486284971237182617e-01
1.564802378416061401e-01 1.938660293817520142e-01 -7.784974575042724609e-02 -2.052133083343505859e-01 -6.241154670715332031e-01 9.264682978391647339e-02 7.481870651245117188e-01
1.549647897481918335e-01 1.990917623043060303e-01 -7.989263534545898438e-02 -2.143923938274383545e-01 -6.211526393890380859e-01 9.892339259386062622e-02 7.472749352455139160e-01
1.534101366996765137e-01 2.039362937211990356e-01 -8.132812380790710449e-02 -2.218917459249496460e-01 -6.195344328880310059e-01 1.049649417400360107e-01 7.456027865409851074e-01
1.520244926214218140e-01 2.091218829154968262e-01 -8.247345685958862305e-02 -2.304256707429885864e-01 -6.173007488250732422e-01 1.113558486104011536e-01 7.439379096031188965e-01
1.509895324707031250e-01 2.144498378038406372e-01 -8.368647098541259766e-02 -2.394355535507202148e-01 -6.145650148391723633e-01 1.180146113038063049e-01 7.423293590545654297e-01
1.501135975122451782e-01 2.198895812034606934e-01 -8.491665124893188477e-02 -2.496539950370788574e-01 -6.114455461502075195e-01 1.242492571473121643e-01 7.405192255973815918e-01
1.493896991014480591e-01 2.253608405590057373e-01 -8.613264560699462891e-02 -2.590786516666412354e-01 -6.083920001983642578e-01 1.298781335353851318e-01 7.388297915458679199e-01
1.489944905042648315e-01 2.306885421276092529e-01 -8.733397722244262695e-02 -2.685017287731170654e-01 -6.050451397895812988e-01 1.357421576976776123e-01 7.371576428413391113e-01
1.487856358289718628e-01 2.361116558313369751e-01 -8.848547935485839844e-02 -2.786957919597625732e-01 -6.012619733810424805e-01 1.414569467306137085e-01 7.353929281234741211e-01
1.485661864280700684e-01 2.413534075021743774e-01 -8.957672119140625000e-02 -2.881766259670257568e-01 -5.976656079292297363e-01 1.466916948556900024e-01 7.336425781250000000e-01
1.480073779821395874e-01 2.460558861494064331e-01 -9.070110321044921875e-02 -2.964372038841247559e-01 -5.943894386291503906e-01 1.514127701520919800e-01 7.320521473884582520e-01
1.472492218017578125e-01 2.510075867176055908e-01 -9.175342321395874023e-02 -3.065098524093627930e-01 -5.902185440063476562e-01 1.563253998756408691e-01 7.302439212799072266e-01
1.466644257307052612e-01 2.562838792800903320e-01 -9.272676706314086914e-02 -3.180191218852996826e-01 -5.853749513626098633e-01 1.611355096101760864e-01 7.281725406646728516e-01
1.462981253862380981e-01 2.614969015121459961e-01 -9.362214803695678711e-02 -3.287307322025299072e-01 -5.807227492332458496e-01 1.650838851928710938e-01 7.262537479400634766e-01
1.460737138986587524e-01 2.667566239833831787e-01 -9.439522027969360352e-02 -3.397412002086639404e-01 -5.757213830947875977e-01 1.694304198026657104e-01 7.241644859313964844e-01
1.459999978542327881e-01 2.719715237617492676e-01 -9.504354000091552734e-02 -3.511560559272766113e-01 -5.705118775367736816e-01 1.737246662378311157e-01 7.218207716941833496e-01
1.460652947425842285e-01 2.771002948284149170e-01 -9.560310840606689453e-02 -3.617686331272125244e-01 -5.654213428497314453e-01 1.779958009719848633e-01 7.195413112640380859e-01
1.461272537708282471e-01 2.821363508701324463e-01 -9.611684083938598633e-02 -3.719568550586700439e-01 -5.603795051574707031e-01 1.816619187593460083e-01 7.173714041709899902e-01
1.459162980318069458e-01 2.869656383991241455e-01 -9.648460149765014648e-02 -3.815222084522247314e-01 -5.557239651679992676e-01 1.844020336866378784e-01 7.152673602104187012e-01
1.456895172595977783e-01 2.918680608272552490e-01 -9.676945209503173828e-02 -3.921625912189483643e-01 -5.509534478187561035e-01 1.871111094951629639e-01 7.124943733215332031e-01
1.456792354583740234e-01 2.966897189617156982e-01 -9.712666273117065430e-02 -4.028561711311340332e-01 -5.459606647491455078e-01 1.894564181566238403e-01 7.097466588020324707e-01
1.456802636384963989e-01 3.012694418430328369e-01 -9.748709201812744141e-02 -4.132497310638427734e-01 -5.412945151329040527e-01 1.913223117589950562e-01 7.068383693695068359e-01
1.456894874572753906e-01 3.058533966541290283e-01 -9.783989191055297852e-02 -4.244001805782318115e-01 -5.360785722732543945e-01 1.944026798009872437e-01 7.033574581146240234e-01
1.457405984401702881e-01 3.101907372474670410e-01 -9.825366735458374023e-02 -4.354147017002105713e-01 -5.310696363449096680e-01 1.967025846242904663e-01 6.997765898704528809e-01
1.458112448453903198e-01 3.144989907741546631e-01 -9.866350889205932617e-02 -4.460672438144683838e-01 -5.257841944694519043e-01 2.000844925642013550e-01 6.960898041725158691e-01
1.461746096611022949e-01 3.187888562679290771e-01 -9.900671243667602539e-02 -4.561207890510559082e-01 -5.207933783531188965e-01 2.028242051601409912e-01 6.925247907638549805e-01
1.469596624374389648e-01 3.228135704994201660e-01 -9.907394647598266602e-02 -4.658312797546386719e-01 -5.157200098037719727e-01 2.039273530244827271e-01 6.895270347595214844e-01
1.477389186620712280e-01 3.266204297542572021e-01 -9.857100248336791992e-02 -4.746400117874145508e-01 -5.105491876602172852e-01 2.054450362920761108e-01 6.869122385978698730e-01
1.482240259647369385e-01 3.306383788585662842e-01 -9.812068939208984375e-02 -4.829775393009185791e-01 -5.058555006980895996e-01 2.069809585809707642e-01 6.841067671775817871e-01
1.484991312026977539e-01 3.345911800861358643e-01 -9.774196147918701172e-02 -4.899885356426239014e-01 -5.014864206314086914e-01 2.088641971349716187e-01 6.817612051963806152e-01
1.482487618923187256e-01 3.382692635059356689e-01 -9.697139263153076172e-02 -4.928491413593292236e-01 -4.972259402275085449e-01 2.145647555589675903e-01 6.810494661331176758e-01
1.477170735597610474e-01 3.425248265266418457e-01 -9.602820873260498047e-02 -4.956667721271514893e-01 -4.911541342735290527e-01 2.224157452583312988e-01 6.808915138244628906e-01
1.476892977952957153e-01 3.474031984806060791e-01 -9.544658660888671875e-02 -4.999661445617675781e-01 -4.826334118843078613e-01 2.300338149070739746e-01 6.813101172447204590e-01
1.479396969079971313e-01 3.524132072925567627e-01 -9.508550167083740234e-02 -5.057765245437622070e-01 -4.727001190185546875e-01 2.363259345293045044e-01 6.818320155143737793e-01
1.480972021818161011e-01 3.570561408996582031e-01 -9.470605850219726562e-02 -5.118776559829711914e-01 -4.629325866699218750e-01 2.408487647771835327e-01 6.823977231979370117e-01
1.477494388818740845e-01 3.615019321441650391e-01 -9.426367282867431641e-02 -5.173266530036926270e-01 -4.541890621185302734e-01 2.462160289287567139e-01 6.822484731674194336e-01
1.472468674182891846e-01 3.645829260349273682e-01 -9.389513731002807617e-02 -5.196376442909240723e-01 -4.484391808509826660e-01 2.513601183891296387e-01 6.824197769165039062e-01
1.467990279197692871e-01 3.648922443389892578e-01 -9.417837858200073242e-02 -5.190387964248657227e-01 -4.482324719429016113e-01 2.534992992877960205e-01 6.822200417518615723e-01
1.470492780208587646e-01 3.647051453590393066e-01 -9.551697969436645508e-02 -5.212001800537109375e-01 -4.476123452186584473e-01 2.523418366909027100e-01 6.814081668853759766e-01
1.473883241415023804e-01 3.647204637527465820e-01 -9.698814153671264648e-02 -5.242633223533630371e-01 -4.455115795135498047e-01 2.536363303661346436e-01 6.799529790878295898e-01
1.477227360010147095e-01 3.648585677146911621e-01 -9.843415021896362305e-02 -5.274763107299804688e-01 -4.426327943801879883e-01 2.567728161811828613e-01 6.781684756278991699e-01
1.478913575410842896e-01 3.646741807460784912e-01 -9.999966621398925781e-02 -5.313471555709838867e-01 -4.389989376068115234e-01 2.608373463153839111e-01 6.759539842605590820e-01
1.474058926105499268e-01 3.640792071819305420e-01 -1.017628908157348633e-01 -5.364450216293334961e-01 -4.345581531524658203e-01 2.660433948040008545e-01 6.727606654167175293e-01
1.464559584856033325e-01 3.636015057563781738e-01 -1.028857231140136719e-01 -5.422762036323547363e-01 -4.290273785591125488e-01 2.726880908012390137e-01 6.689643859863281250e-01
1.460036635398864746e-01 3.637147843837738037e-01 -1.039789319038391113e-01 -5.498104691505432129e-01 -4.215469360351562500e-01 2.803884744644165039e-01 6.643708944320678711e-01
1.456552892923355103e-01 3.633979260921478271e-01 -1.048568487167358398e-01 -5.573885440826416016e-01 -4.138854146003723145e-01 2.882745563983917236e-01 6.594805121421813965e-01
1.453865766525268555e-01 3.629036247730255127e-01 -1.054196953773498535e-01 -5.656617879867553711e-01 -4.061802625656127930e-01 2.947947084903717041e-01 6.543245315551757812e-01
1.453696787357330322e-01 3.620724976062774658e-01 -1.055111289024353027e-01 -5.744380950927734375e-01 -3.991414904594421387e-01 2.985906898975372314e-01 6.492692828178405762e-01
1.446474790573120117e-01 3.612413704395294189e-01 -1.055538058280944824e-01 -5.829221606254577637e-01 -3.931630849838256836e-01 3.020919859409332275e-01 6.437116265296936035e-01
1.439043134450912476e-01 3.600468337535858154e-01 -1.055312752723693848e-01 -5.893676877021789551e-01 -3.882541060447692871e-01 3.055680096149444580e-01 6.391654610633850098e-01
1.433466523885726929e-01 3.576697111129760742e-01 -1.052151918411254883e-01 -5.925033092498779297e-01 -3.852174878120422363e-01 3.079129159450531006e-01 6.369748115539550781e-01
1.422385573387145996e-01 3.550951778888702393e-01 -1.046146750450134277e-01 -5.947606563568115234e-01 -3.835792541503906250e-01 3.095625340938568115e-01 6.350573301315307617e-01
1.409435719251632690e-01 3.529971539974212646e-01 -1.031904816627502441e-01 -5.946593284606933594e-01 -3.839186429977416992e-01 3.097685277462005615e-01 6.348464488983154297e-01
1.409605890512466431e-01 3.521107733249664307e-01 -1.017773151397705078e-01 -5.938748717308044434e-01 -3.845303058624267578e-01 3.089347481727600098e-01 6.356165409088134766e-01
1.414814442396163940e-01 3.510477840900421143e-01 -9.918195009231567383e-02 -5.928836464881896973e-01 -3.849692344665527344e-01 3.077983260154724121e-01 6.368263363838195801e-01
1.417328864336013794e-01 3.494506776332855225e-01 -9.503585100173950195e-02 -5.914578437805175781e-01 -3.860204219818115234e-01 3.061079978942871094e-01 6.383287906646728516e-01
1.415104269981384277e-01 3.478995859622955322e-01 -9.042274951934814453e-02 -5.902833342552185059e-01 -3.877547383308410645e-01 3.037904202938079834e-01 6.394709944725036621e-01
1.412567347288131714e-01 3.467160761356353760e-01 -8.680510520935058594e-02 -5.894684791564941406e-01 -3.883604407310485840e-01 3.032136857509613037e-01 6.401284933090209961e-01
1.399903893470764160e-01 3.475875854492187500e-01 -8.687788248062133789e-02 -5.942079424858093262e-01 -3.906379342079162598e-01 3.070988953113555908e-01 6.324627995491027832e-01
1.393797397613525391e-01 3.490336537361145020e-01 -8.711093664169311523e-02 -5.976619124412536621e-01 -3.884103894233703613e-01 3.130789697170257568e-01 6.276298165321350098e-01
1.388968825340270996e-01 3.495259582996368408e-01 -8.730226755142211914e-02 -5.978038311004638672e-01 -3.880650997161865234e-01 3.160724341869354248e-01 6.262062788009643555e-01
1.385476291179656982e-01 3.486066460609436035e-01 -8.711481094360351562e-02 -5.986422896385192871e-01 -3.881813287734985352e-01 3.181683719158172607e-01 6.242688298225402832e-01
1.387154161930084229e-01 3.467698991298675537e-01 -8.684051036834716797e-02 -6.003147363662719727e-01 -3.871657252311706543e-01 3.204778730869293213e-01 6.221086978912353516e-01
1.388955861330032349e-01 3.455909192562103271e-01 -8.683878183364868164e-02 -6.033973693847656250e-01 -3.862668275833129883e-01 3.254156112670898438e-01 6.171013116836547852e-01
1.392581611871719360e-01 3.452692031860351562e-01 -8.667904138565063477e-02 -6.090019345283508301e-01 -3.846051692962646484e-01 3.309887051582336426e-01 6.096244454383850098e-01
1.397032737731933594e-01 3.446028232574462891e-01 -8.622294664382934570e-02 -6.087712645530700684e-01 -3.833501338958740234e-01 3.348564207553863525e-01 6.085321307182312012e-01
1.392527371644973755e-01 3.429223895072937012e-01 -8.580362796783447266e-02 -6.126074790954589844e-01 -3.844727277755737305e-01 3.414755463600158691e-01 6.002394556999206543e-01
1.381524950265884399e-01 3.412186801433563232e-01 -8.455020189285278320e-02 -6.144592761993408203e-01 -3.862838745117187500e-01 3.453751504421234131e-01 5.949289798736572266e-01
1.373172998428344727e-01 3.400728404521942139e-01 -8.276435732841491699e-02 -6.141836047172546387e-01 -3.866594433784484863e-01 3.478281497955322266e-01 5.935389399528503418e-01
1.375484913587570190e-01 3.393940031528472900e-01 -8.041673898696899414e-02 -6.146805882453918457e-01 -3.853442668914794922e-01 3.490244448184967041e-01 5.931775569915771484e-01
1.379646211862564087e-01 3.388170599937438965e-01 -7.713320851325988770e-02 -6.148777604103088379e-01 -3.846043348312377930e-01 3.490338921546936035e-01 5.934475660324096680e-01
1.396688520908355713e-01 3.397523164749145508e-01 -7.546326518058776855e-02 -6.136692166328430176e-01 -3.892730474472045898e-01 3.487777411937713623e-01 5.918028950691223145e-01
1.397540718317031860e-01 3.395630121231079102e-01 -7.234939932823181152e-02 -6.128829121589660645e-01 -3.891928195953369141e-01 3.500709533691406250e-01 5.919069051742553711e-01
1.395750641822814941e-01 3.408374786376953125e-01 -7.214885950088500977e-02 -6.067572832107543945e-01 -3.937027454376220703e-01 3.526602089405059814e-01 5.936957001686096191e-01
1.389340609312057495e-01 3.420881032943725586e-01 -7.211208343505859375e-02 -6.050512790679931641e-01 -3.960663080215454102e-01 3.547514379024505615e-01 5.926176905632019043e-01
1.371753960847854614e-01 3.432031273841857910e-01 -7.192629575729370117e-02 -5.883854627609252930e-01 -3.956767320632934570e-01 3.687410056591033936e-01 6.010597348213195801e-01
1.357405632734298706e-01 3.440960049629211426e-01 -7.179954648017883301e-02 -5.667396187782287598e-01 -4.021042585372924805e-01 3.879720568656921387e-01 6.054716706275939941e-01
1.350340098142623901e-01 3.432533144950866699e-01 -7.167953252792358398e-02 -5.641056895256042480e-01 -3.997302651405334473e-01 4.031220674514770508e-01 5.995776057243347168e-01
1.339504420757293701e-01 3.432710468769073486e-01 -7.156133651733398438e-02 -5.560552477836608887e-01 -3.964440226554870605e-01 4.136913418769836426e-01 6.020748615264892578e-01
1.330240219831466675e-01 3.432159125804901123e-01 -7.145783305168151855e-02 -5.498672127723693848e-01 -3.927485942840576172e-01 4.224210977554321289e-01 6.041149497032165527e-01
1.319146305322647095e-01 3.430312275886535645e-01 -7.137209177017211914e-02 -5.445880293846130371e-01 -3.866901397705078125e-01 4.318091273307800293e-01 6.061645150184631348e-01
1.307649910449981689e-01 3.427675962448120117e-01 -7.123655080795288086e-02 -5.372456312179565430e-01 -3.818546533584594727e-01 4.443699419498443604e-01 6.067038178443908691e-01
1.292867213487625122e-01 3.424879610538482666e-01 -7.106959819793701172e-02 -5.279757380485534668e-01 -3.749059438705444336e-01 4.588586390018463135e-01 6.083880662918090820e-01
1.293865740299224854e-01 3.424229621887207031e-01 -7.107064127922058105e-02 -5.284480452537536621e-01 -3.758335709571838379e-01 4.590540826320648193e-01 6.072571277618408203e-01
1.294261217117309570e-01 3.425066769123077393e-01 -7.107645273208618164e-02 -5.276637673377990723e-01 -3.771206736564636230e-01 4.589207470417022705e-01 6.072415709495544434e-01
1.294680237770080566e-01 3.424732387065887451e-01 -7.108628749847412109e-02 -5.280685424804687500e-01 -3.772401809692382812e-01 4.588600993156433105e-01 6.068615913391113281e-01
1.294500827789306641e-01 3.424798250198364258e-01 -7.107582688331604004e-02 -5.274639725685119629e-01 -3.777467608451843262e-01 4.594663381576538086e-01 6.066132187843322754e-01
1.294410526752471924e-01 3.425100445747375488e-01 -7.107624411582946777e-02 -5.265716910362243652e-01 -3.787314295768737793e-01 4.601147770881652832e-01 6.062827706336975098e-01
1.294640451669692993e-01 3.424872756004333496e-01 -7.108062505722045898e-02 -5.265584588050842285e-01 -3.790754675865173340e-01 4.603377580642700195e-01 6.059101223945617676e-01
1.294632405042648315e-01 3.425182998180389404e-01 -7.107236981391906738e-02 -5.260457992553710938e-01 -3.796913027763366699e-01 4.605928957462310791e-01 6.057760715484619141e-01
1.294821947813034058e-01 3.425326943397521973e-01 -7.107105851173400879e-02 -5.257806181907653809e-01 -3.802654147148132324e-01 4.607273042201995850e-01 6.055438518524169922e-01
1.294644773006439209e-01 3.425371050834655762e-01 -7.106485962867736816e-02 -5.252947211265563965e-01 -3.806400299072265625e-01 4.612259864807128906e-01 6.053507328033447266e-01
1.294772773981094360e-01 3.424961566925048828e-01 -7.105574011802673340e-02 -5.254112482070922852e-01 -3.807579278945922852e-01 4.615717232227325439e-01 6.049116849899291992e-01
1.294591277837753296e-01 3.424940109252929688e-01 -7.104918360710144043e-02 -5.252143740653991699e-01 -3.807620406150817871e-01 4.618260562419891357e-01 6.048858165740966797e-01
1.294472515583038330e-01 3.424830436706542969e-01 -7.104846835136413574e-02 -5.250885486602783203e-01 -3.807859420776367188e-01 4.620991349220275879e-01 6.047713756561279297e-01
1.294428855180740356e-01 3.424794971942901611e-01 -7.104605436325073242e-02 -5.250121951103210449e-01 -3.808308243751525879e-01 4.622318744659423828e-01 6.047080755233764648e-01
1.294348984956741333e-01 3.424803614616394043e-01 -7.104671001434326172e-02 -5.248962044715881348e-01 -3.808999061584472656e-01 4.623499512672424316e-01 6.046746969223022461e-01
1.294535547494888306e-01 3.424903452396392822e-01 -7.104712724685668945e-02 -5.248559713363647461e-01 -3.811469078063964844e-01 4.622773230075836182e-01 6.046098470687866211e-01
1.294414848089218140e-01 3.425230085849761963e-01 -7.103472948074340820e-02 -5.244768261909484863e-01 -3.813646435737609863e-01 4.623276591300964355e-01 6.047629117965698242e-01
1.294420808553695679e-01 3.425059318542480469e-01 -7.104057073593139648e-02 -5.246159434318542480e-01 -3.812614083290100098e-01 4.623509645462036133e-01 6.046893596649169922e-01
1.294402629137039185e-01 3.425046503543853760e-01 -7.104060053825378418e-02 -5.246296525001525879e-01 -3.812235593795776367e-01 4.623456299304962158e-01 6.047056913375854492e-01
1.294481754302978516e-01 3.425063192844390869e-01 -7.104080915451049805e-02 -5.246488451957702637e-01 -3.812763690948486328e-01 4.623187780380249023e-01 6.046762466430664062e-01
1.294366270303726196e-01 3.425015211105346680e-01 -7.104012370109558105e-02 -5.245777964591979980e-01 -3.812350630760192871e-01 4.624374508857727051e-01 6.046730279922485352e-01
1.294359266757965088e-01 3.425041735172271729e-01 -7.103958725929260254e-02 -5.245619416236877441e-01 -3.812351822853088379e-01 4.624494612216949463e-01 6.046776175498962402e-01
1.294320225715637207e-01 3.425008356571197510e-01 -7.103851437568664551e-02 -5.245500206947326660e-01 -3.812064528465270996e-01 4.624985754489898682e-01 6.046683192253112793e-01
1.294310092926025391e-01 3.424941599369049072e-01 -7.103633880615234375e-02 -5.246570706367492676e-01 -3.810628056526184082e-01 4.624449908733367920e-01 6.047071814537048340e-01
1.294298619031906128e-01 3.424875438213348389e-01 -7.103788852691650391e-02 -5.247079133987426758e-01 -3.809878230094909668e-01 4.624555706977844238e-01 6.047023534774780273e-01
1.294275522232055664e-01 3.424901366233825684e-01 -7.103663682937622070e-02 -5.246481299400329590e-01 -3.810699582099914551e-01 4.625096619129180908e-01 6.046609878540039062e-01
1.294334083795547485e-01 3.424999713897705078e-01 -7.103759050369262695e-02 -5.245955586433410645e-01 -3.811662793159484863e-01 4.624613821506500244e-01 6.046828627586364746e-01
1.294290125370025635e-01 3.424939811229705811e-01 -7.103902101516723633e-02 -5.245907306671142578e-01 -3.811381459236145020e-01 4.625004529953002930e-01 6.046747565269470215e-01
1.294248104095458984e-01 3.424935936927795410e-01 -7.103613018989562988e-02 -5.246230363845825195e-01 -3.810223937034606934e-01 4.624846279621124268e-01 6.047320365905761719e-01
1.294294148683547974e-01 3.424938321113586426e-01 -7.103791832923889160e-02 -5.246212482452392578e-01 -3.811234831809997559e-01 4.625066220760345459e-01 6.046527624130249023e-01
1.294302791357040405e-01 3.425214290618896484e-01 -7.103380560874938965e-02 -5.244342684745788574e-01 -3.812531828880310059e-01 4.623634517192840576e-01 6.048425436019897461e-01
1.294332742691040039e-01 3.425267338752746582e-01 -7.103472948074340820e-02 -5.243628621101379395e-01 -3.813844323158264160e-01 4.624034166336059570e-01 6.047913432121276855e-01
1.294317394495010376e-01 3.425020277500152588e-01 -7.103538513183593750e-02 -5.245627760887145996e-01 -3.811828494071960449e-01 4.624482989311218262e-01 6.047105789184570312e-01
1.294343173503875732e-01 3.425046503543853760e-01 -7.103592157363891602e-02 -5.245053768157958984e-01 -3.812959790229797363e-01 4.624988138675689697e-01 6.046504378318786621e-01
1.294428855180740356e-01 3.425097167491912842e-01 -7.103872299194335938e-02 -5.245090723037719727e-01 -3.813796639442443848e-01 4.624296426773071289e-01 6.046475768089294434e-01
1.294342279434204102e-01 3.425139486789703369e-01 -7.103726267814636230e-02 -5.244441628456115723e-01 -3.813279271125793457e-01 4.624534249305725098e-01 6.047182679176330566e-01
1.294375509023666382e-01 3.425162732601165771e-01 -7.103848457336425781e-02 -5.244412422180175781e-01 -3.813610672950744629e-01 4.624125361442565918e-01 6.047312021255493164e-01
1.294264197349548340e-01 3.424911201000213623e-01 -7.103735208511352539e-02 -5.246236920356750488e-01 -3.810717463493347168e-01 4.625186324119567871e-01 6.046739220619201660e-01
1.294247508049011230e-01 3.424909114837646484e-01 -7.103753089904785156e-02 -5.246023535728454590e-01 -3.810906410217285156e-01 4.625564217567443848e-01 6.046518683433532715e-01
1.294402927160263062e-01 3.424963057041168213e-01 -7.103905081748962402e-02 -5.246275663375854492e-01 -3.812397718429565430e-01 4.624659717082977295e-01 6.046048998832702637e-01
1.294287443161010742e-01 3.424883186817169189e-01 -7.104054093360900879e-02 -5.246208310127258301e-01 -3.811262845993041992e-01 4.625698029994964600e-01 6.046029329299926758e-01
1.294320225715637207e-01 3.424930572509765625e-01 -7.103979587554931641e-02 -5.246156454086303711e-01 -3.811475634574890137e-01 4.625132977962493896e-01 6.046373248100280762e-01
1.294282376766204834e-01 3.424937427043914795e-01 -7.103967666625976562e-02 -5.245797038078308105e-01 -3.811427354812622070e-01 4.625433683395385742e-01 6.046486496925354004e-01
1.294310390949249268e-01 3.424855768680572510e-01 -7.103866338729858398e-02 -5.246870517730712891e-01 -3.810731172561645508e-01 4.625326693058013916e-01 6.046075224876403809e-01
1.294451057910919189e-01 3.424991667270660400e-01 -7.104086875915527344e-02 -5.245486497879028320e-01 -3.813837766647338867e-01 4.624984264373779297e-01 6.045578718185424805e-01
1.294438838958740234e-01 3.425256609916687012e-01 -7.103785872459411621e-02 -5.243557095527648926e-01 -3.815401196479797363e-01 4.624245464801788330e-01 6.046832799911499023e-01
1.294437795877456665e-01 3.425219655036926270e-01 -7.104027271270751953e-02 -5.243415236473083496e-01 -3.815732598304748535e-01 4.624726772308349609e-01 6.046379208564758301e-01
1.294468790292739868e-01 3.425112664699554443e-01 -7.104033231735229492e-02 -5.244421958923339844e-01 -3.815213441848754883e-01 4.624572396278381348e-01 6.045953035354614258e-01
1.294408738613128662e-01 3.425225913524627686e-01 -7.103654742240905762e-02 -5.243674516677856445e-01 -3.814960122108459473e-01 4.624211490154266357e-01 6.047033667564392090e-01
1.294384747743606567e-01 3.424985706806182861e-01 -7.103925943374633789e-02 -5.244477391242980957e-01 -3.814338445663452148e-01 4.626218974590301514e-01 6.045196056365966797e-01
1.294371932744979858e-01 3.425191938877105713e-01 -7.103785872459411621e-02 -5.243239998817443848e-01 -3.815217018127441406e-01 4.625357091426849365e-01 6.046373248100280762e-01
1.294482499361038208e-01 3.424933254718780518e-01 -7.104563713073730469e-02 -5.246039628982543945e-01 -3.814177513122558594e-01 4.625156819820404053e-01 6.044754385948181152e-01
1.294441670179367065e-01 3.425003886222839355e-01 -7.104215025901794434e-02 -5.245124697685241699e-01 -3.814411163330078125e-01 4.625379741191864014e-01 6.045227646827697754e-01
1.294457316398620605e-01 3.424965143203735352e-01 -7.104352116584777832e-02 -5.245589017868041992e-01 -3.814151287078857422e-01 4.625373780727386475e-01 6.044994592666625977e-01
1.295194327831268311e-01 3.424634337425231934e-01 -7.105326652526855469e-02 -5.234764814376831055e-01 -3.839706778526306152e-01 4.641520380973815918e-01 6.025792360305786133e-01
1.295122504234313965e-01 3.424135744571685791e-01 -7.103380560874938965e-02 -5.231913328170776367e-01 -3.844649195671081543e-01 4.651466012001037598e-01 6.017441749572753906e-01
1.295439153909683228e-01 3.424847424030303955e-01 -7.101866602897644043e-02 -5.236433148384094238e-01 -3.840941786766052246e-01 4.638923108577728271e-01 6.025556921958923340e-01
1.299908757209777832e-01 3.424248397350311279e-01 -7.110592722892761230e-02 -5.262731909751892090e-01 -3.863583207130432129e-01 4.617146253585815430e-01 6.004860997200012207e-01
1.303506940603256226e-01 3.424459099769592285e-01 -7.113572955131530762e-02 -5.276836752891540527e-01 -3.886774182319641113e-01 4.601063728332519531e-01 5.989841818809509277e-01
1.308504194021224976e-01 3.422346115112304688e-01 -7.122561335563659668e-02 -5.251934528350830078e-01 -3.996275067329406738e-01 4.653912782669067383e-01 5.898141860961914062e-01
1.317253857851028442e-01 3.421626985073089600e-01 -7.129865884780883789e-02 -5.210445523262023926e-01 -4.165266752243041992e-01 4.711534976959228516e-01 5.770896673202514648e-01
1.329980641603469849e-01 3.420780003070831299e-01 -7.142677903175354004e-02 -5.306216478347778320e-01 -4.206430315971374512e-01 4.616729319095611572e-01 5.730257034301757812e-01
1.344041377305984497e-01 3.422023057937622070e-01 -7.154163718223571777e-02 -5.403490662574768066e-01 -4.271237850189208984e-01 4.492905735969543457e-01 5.689692497253417969e-01
1.364653408527374268e-01 3.422978818416595459e-01 -7.190871238708496094e-02 -5.465222597122192383e-01 -4.293657541275024414e-01 4.422325789928436279e-01 5.669113993644714355e-01
1.364274471998214722e-01 3.428150713443756104e-01 -7.220771908760070801e-02 -5.496942996978759766e-01 -4.283928871154785156e-01 4.402548074722290039e-01 5.661194324493408203e-01
1.351597756147384644e-01 3.432310521602630615e-01 -7.193127274513244629e-02 -5.462783575057983398e-01 -4.341926574707031250e-01 4.455080926418304443e-01 5.608736872673034668e-01
1.348712444305419922e-01 3.430823683738708496e-01 -7.174286246299743652e-02 -5.301670432090759277e-01 -4.543377757072448730e-01 4.663766324520111084e-01 5.431329011917114258e-01
1.343460679054260254e-01 3.429445028305053711e-01 -7.151257991790771484e-02 -5.026309490203857422e-01 -4.872005581855773926e-01 4.963572621345520020e-01 5.134464502334594727e-01
1.342349648475646973e-01 3.428166508674621582e-01 -7.134610414505004883e-02 -4.727167785167694092e-01 -5.174317359924316406e-01 5.262105464935302734e-01 4.815660417079925537e-01
1.342208534479141235e-01 3.426662981510162354e-01 -7.114079594612121582e-02 -4.380879402160644531e-01 -5.479655861854553223e-01 5.560283660888671875e-01 4.456963241100311279e-01
1.342072188854217529e-01 3.426237404346466064e-01 -7.097783684730529785e-02 -4.042904675006866455e-01 -5.743442773818969727e-01 5.824344158172607422e-01 4.092042148113250732e-01
1.341919302940368652e-01 3.425941169261932373e-01 -7.093149423599243164e-02 -3.652251660823822021e-01 -6.014451980590820312e-01 6.065925359725952148e-01 3.700264990329742432e-01
1.338471770286560059e-01 3.426236808300018311e-01 -7.087635993957519531e-02 -3.270893990993499756e-01 -6.225677728652954102e-01 6.290839314460754395e-01 3.311726748943328857e-01
1.330811828374862671e-01 3.421912193298339844e-01 -7.065588235855102539e-02 -2.919925451278686523e-01 -6.407440900802612305e-01 6.462579369544982910e-01 2.941734492778778076e-01
1.323960274457931519e-01 3.418602645397186279e-01 -7.043546438217163086e-02 -2.495419979095458984e-01 -6.603470444679260254e-01 6.623739004135131836e-01 2.508620619773864746e-01
1.322462558746337891e-01 3.417073190212249756e-01 -7.030993700027465820e-02 -2.067547440528869629e-01 -6.755924224853515625e-01 6.768564581871032715e-01 2.066224068403244019e-01
1.323536187410354614e-01 3.415513038635253906e-01 -7.020166516304016113e-02 -1.641124784946441650e-01 -6.882068514823913574e-01 6.875684261322021484e-01 1.633637696504592896e-01
1.324166059494018555e-01 3.413148224353790283e-01 -6.995537877082824707e-02 -1.190405115485191345e-01 -6.967065334320068359e-01 6.974821090698242188e-01 1.181014329195022583e-01
1.324076205492019653e-01 3.411664664745330811e-01 -6.969091296195983887e-02 -7.510092109441757202e-02 -7.024978399276733398e-01 7.037869095802307129e-01 7.443741708993911743e-02
1.322754323482513428e-01 3.410944044589996338e-01 -6.952491402626037598e-02 -3.199962899088859558e-02 -7.055426836013793945e-01 7.072097063064575195e-01 3.224629163742065430e-02
1.322548389434814453e-01 3.408755362033843994e-01 -6.934806704521179199e-02 -7.303304970264434814e-03 7.056062817573547363e-01 -7.085362076759338379e-01 6.560218520462512970e-03
1.324934214353561401e-01 3.408099114894866943e-01 -6.918171048164367676e-02 -5.193125084042549133e-02 7.044082880020141602e-01 -7.060859799385070801e-01 5.054283887147903442e-02
1.323726475238800049e-01 3.408894240856170654e-01 -6.909960508346557617e-02 -9.150226414203643799e-02 7.002621293067932129e-01 -7.023018002510070801e-01 8.962284028530120850e-02
1.326583325862884521e-01 3.409086763858795166e-01 -6.912028789520263672e-02 -1.357233673334121704e-01 6.938135623931884766e-01 -6.941285729408264160e-01 1.356000155210494995e-01
1.326489299535751343e-01 3.408373594284057617e-01 -6.917318701744079590e-02 -1.772809177637100220e-01 6.843437552452087402e-01 -6.856263875961303711e-01 1.736706793308258057e-01
1.327600181102752686e-01 3.408165574073791504e-01 -6.920301914215087891e-02 -2.218859195709228516e-01 6.720564365386962891e-01 -6.721895933151245117e-01 2.174112349748611450e-01
1.328916102647781372e-01 3.409022688865661621e-01 -6.948164105415344238e-02 -2.630636394023895264e-01 6.567424535751342773e-01 -6.573609709739685059e-01 2.595449090003967285e-01
1.329058408737182617e-01 3.408378362655639648e-01 -6.965699791908264160e-02 -3.032273948192596436e-01 6.391846537590026855e-01 -6.396411657333374023e-01 3.005920052528381348e-01
1.331107318401336670e-01 3.408020436763763428e-01 -6.988358497619628906e-02 -3.445837497711181641e-01 6.188150644302368164e-01 -6.180093884468078613e-01 3.411658108234405518e-01
1.331383138895034790e-01 3.409076631069183350e-01 -6.995326280593872070e-02 -3.819944858551025391e-01 5.973941087722778320e-01 -5.943498015403747559e-01 3.794054388999938965e-01
1.333604007959365845e-01 3.409226536750793457e-01 -6.989106535911560059e-02 -4.167059659957885742e-01 5.747367739677429199e-01 -5.690951347351074219e-01 4.149268567562103271e-01
1.332743763923645020e-01 3.414607048034667969e-01 -6.957083940505981445e-02 -4.469790458679199219e-01 5.401355028152465820e-01 -5.523139834403991699e-01 4.510129690170288086e-01
1.337121725082397461e-01 3.416233062744140625e-01 -6.981286406517028809e-02 -4.829106926918029785e-01 5.159975886344909668e-01 -5.179849863052368164e-01 4.819079637527465820e-01
1.310026496648788452e-01 3.417209088802337646e-01 -6.904253363609313965e-02 -5.169104933738708496e-01 4.963346719741821289e-01 -4.863398671150207520e-01 4.999285340309143066e-01
1.257328540086746216e-01 3.413671851158142090e-01 -6.805402040481567383e-02 -5.312957763671875000e-01 4.768713116645812988e-01 -4.697382152080535889e-01 5.192922353744506836e-01
1.226525977253913879e-01 3.411124944686889648e-01 -6.632849574089050293e-02 -5.315678715705871582e-01 4.742837548255920410e-01 -4.695387482643127441e-01 5.215590596199035645e-01
1.226017847657203674e-01 3.422685563564300537e-01 -6.653612852096557617e-02 -5.232467055320739746e-01 4.783487915992736816e-01 -4.636563658714294434e-01 5.314301848411560059e-01
1.226007342338562012e-01 3.420792520046234131e-01 -6.659656763076782227e-02 -5.276004672050476074e-01 4.740663766860961914e-01 -4.617361724376678467e-01 5.326335430145263672e-01
1.229946687817573547e-01 3.416575789451599121e-01 -6.656205654144287109e-02 -5.320879220962524414e-01 4.645812511444091797e-01 -4.631080925464630127e-01 5.353294610977172852e-01
1.230101212859153748e-01 3.415685296058654785e-01 -6.655624508857727051e-02 -5.335646271705627441e-01 4.628132581710815430e-01 -4.628090262413024902e-01 5.356497168540954590e-01
1.229744851589202881e-01 3.415211439132690430e-01 -6.655174493789672852e-02 -5.344437360763549805e-01 4.624667763710021973e-01 -4.624682366847991943e-01 5.353667736053466797e-01
1.229607164859771729e-01 3.415028452873229980e-01 -6.654992699623107910e-02 -5.347582101821899414e-01 4.623414874076843262e-01 -4.623639285564422607e-01 5.352507233619689941e-01
1.229535341262817383e-01 3.414840102195739746e-01 -6.654796004295349121e-02 -5.351539254188537598e-01 4.620055556297302246e-01 -4.622135460376739502e-01 5.352753400802612305e-01
1.229508817195892334e-01 3.414664566516876221e-01 -6.654587388038635254e-02 -5.355741381645202637e-01 4.616089463233947754e-01 -4.620148241519927979e-01 5.353688597679138184e-01
1.229478716850280762e-01 3.414496481418609619e-01 -6.654348969459533691e-02 -5.358556509017944336e-01 4.613693356513977051e-01 -4.619498550891876221e-01 5.353499054908752441e-01
1.229440718889236450e-01 3.414575159549713135e-01 -6.654289364814758301e-02 -5.358940958976745605e-01 4.613451361656188965e-01 -4.617776274681091309e-01 5.354807376861572266e-01
1.229504570364952087e-01 3.414305448532104492e-01 -6.654280424118041992e-02 -5.363757014274597168e-01 4.607641100883483887e-01 -4.615941643714904785e-01 5.356570482254028320e-01
1.229494437575340271e-01 3.414320647716522217e-01 -6.653916835784912109e-02 -5.366429090499877930e-01 4.604727625846862793e-01 -4.613281786441802979e-01 5.358689427375793457e-01
1.229458674788475037e-01 3.414372503757476807e-01 -6.653985381126403809e-02 -5.367819666862487793e-01 4.603297710418701172e-01 -4.610346555709838867e-01 5.361050963401794434e-01
1.229441612958908081e-01 3.414389491081237793e-01 -6.653997302055358887e-02 -5.368287563323974609e-01 4.602977037429809570e-01 -4.609578847885131836e-01 5.361518859863281250e-01
1.229426860809326172e-01 3.414354920387268066e-01 -6.653842329978942871e-02 -5.372231602668762207e-01 4.598425626754760742e-01 -4.605451524257659912e-01 5.365018844604492188e-01
1.229361146688461304e-01 3.414230048656463623e-01 -6.653591990470886230e-02 -5.376533865928649902e-01 4.594948887825012207e-01 -4.602418541908264160e-01 5.366289615631103516e-01
1.229255348443984985e-01 3.414330482482910156e-01 -6.653544306755065918e-02 -5.377943515777587891e-01 4.594563245773315430e-01 -4.599621891975402832e-01 5.367604494094848633e-01
1.229350939393043518e-01 3.414356410503387451e-01 -6.653454899787902832e-02 -5.378419756889343262e-01 4.592711925506591797e-01 -4.598357081413269043e-01 5.369798541069030762e-01
1.229319795966148376e-01 3.414368033409118652e-01 -6.653305888175964355e-02 -5.379259586334228516e-01 4.592088460922241211e-01 -4.597298502922058105e-01 5.370394587516784668e-01
1.229306980967521667e-01 3.414352238178253174e-01 -6.653258204460144043e-02 -5.379577875137329102e-01 4.591843485832214355e-01 -4.597143232822418213e-01 5.370417833328247070e-01
1.229288801550865173e-01 3.414317071437835693e-01 -6.653216481208801270e-02 -5.380908250808715820e-01 4.590696692466735840e-01 -4.596221745014190674e-01 5.370854735374450684e-01
1.229270547628402710e-01 3.414282500743865967e-01 -6.653231382369995117e-02 -5.382323861122131348e-01 4.589359760284423828e-01 -4.595132470130920410e-01 5.371511578559875488e-01
1.229229494929313660e-01 3.414213657379150391e-01 -6.653162837028503418e-02 -5.383484363555908203e-01 4.588674902915954590e-01 -4.594733417034149170e-01 5.371274948120117188e-01
1.229235082864761353e-01 3.414259850978851318e-01 -6.653150916099548340e-02 -5.384446978569030762e-01 4.587528109550476074e-01 -4.593199491500854492e-01 5.372599959373474121e-01
1.229307577013969421e-01 3.414337038993835449e-01 -6.652945280075073242e-02 -5.385366082191467285e-01 4.585054516792297363e-01 -4.590810537338256836e-01 5.375832915306091309e-01
1.229322105646133423e-01 3.414278626441955566e-01 -6.652900576591491699e-02 -5.386613011360168457e-01 4.583568572998046875e-01 -4.590176343917846680e-01 5.376392006874084473e-01
1.229230463504791260e-01 3.414253592491149902e-01 -6.652781367301940918e-02 -5.388780236244201660e-01 4.582423567771911621e-01 -4.588198363780975342e-01 5.376886129379272461e-01
1.229243353009223938e-01 3.414212763309478760e-01 -6.652757525444030762e-02 -5.389544367790222168e-01 4.581467509269714355e-01 -4.587879180908203125e-01 5.377204418182373047e-01
1.229426786303520203e-01 3.414587974548339844e-01 -6.652730703353881836e-02 -5.388878583908081055e-01 4.579002261161804199e-01 -4.583109915256500244e-01 5.384033918380737305e-01
1.229432746767997742e-01 3.414517939090728760e-01 -6.652727723121643066e-02 -5.390093922615051270e-01 4.577777385711669922e-01 -4.582695960998535156e-01 5.384212732315063477e-01
1.229354739189147949e-01 3.414498865604400635e-01 -6.652614474296569824e-02 -5.392305254936218262e-01 4.576187729835510254e-01 -4.580633342266082764e-01 5.385104417800903320e-01
1.229227930307388306e-01 3.414428532123565674e-01 -6.652364134788513184e-02 -5.394474267959594727e-01 4.575487375259399414e-01 -4.579235911369323730e-01 5.384716391563415527e-01
1.229247450828552246e-01 3.414421975612640381e-01 -6.652280688285827637e-02 -5.396038889884948730e-01 4.573453068733215332e-01 -4.577608704566955566e-01 5.386259555816650391e-01
1.229328289628028870e-01 3.414520621299743652e-01 -6.652212142944335938e-02 -5.397371053695678711e-01 4.570572376251220703e-01 -4.574436247348785400e-01 5.390063524246215820e-01
1.229463741183280945e-01 3.414602577686309814e-01 -6.652009487152099609e-02 -5.399496555328369141e-01 4.566115736961364746e-01 -4.570781290531158447e-01 5.394810438156127930e-01
1.229225769639015198e-01 3.414535820484161377e-01 -6.651937961578369141e-02 -5.402487516403198242e-01 4.565973877906799316e-01 -4.568506777286529541e-01 5.393862128257751465e-01
1.229284331202507019e-01 3.414566218852996826e-01 -6.651666760444641113e-02 -5.406511425971984863e-01 4.560465216636657715e-01 -4.563208222389221191e-01 5.398971438407897949e-01
1.229207888245582581e-01 3.414426147937774658e-01 -6.651625037193298340e-02 -5.409379601478576660e-01 4.558282494544982910e-01 -4.561928212642669678e-01 5.399025678634643555e-01
1.229264140129089355e-01 3.414469361305236816e-01 -6.651401519775390625e-02 -5.411150455474853516e-01 4.555615782737731934e-01 -4.559556543827056885e-01 5.401505231857299805e-01
1.229328960180282593e-01 3.414509594440460205e-01 -6.651160120964050293e-02 -5.413995981216430664e-01 4.551250338554382324e-01 -4.555556178092956543e-01 5.405708551406860352e-01
1.229773685336112976e-01 3.414037823677062988e-01 -6.650662422180175781e-02 -5.421158671379089355e-01 4.537946581840515137e-01 -4.555981159210205078e-01 5.409353971481323242e-01
1.233761087059974670e-01 3.414144217967987061e-01 -6.660178303718566895e-02 -5.425603985786437988e-01 4.481184482574462891e-01 -4.570907056331634521e-01 5.439541339874267578e-01
1.225633546710014343e-01 3.423720002174377441e-01 -6.628420948982238770e-02 -5.835593938827514648e-01 3.997693657875061035e-01 -3.858869671821594238e-01 5.922281146049499512e-01
1.226282045245170593e-01 3.420922160148620605e-01 -6.624490022659301758e-02 -5.804232954978942871e-01 4.047687053680419922e-01 -3.954944908618927002e-01 5.855383872985839844e-01
1.228175088763237000e-01 3.420416712760925293e-01 -6.625935435295104980e-02 -5.764268636703491211e-01 4.080340266227722168e-01 -4.018909335136413574e-01 5.828583836555480957e-01
1.230360195040702820e-01 3.421507477760314941e-01 -6.625923514366149902e-02 -5.732166171073913574e-01 4.100517034530639648e-01 -4.050676822662353516e-01 5.824092030525207520e-01
1.227444186806678772e-01 3.420753777027130127e-01 -6.625935435295104980e-02 -5.781833529472351074e-01 4.082993865013122559e-01 -3.994569778442382812e-01 5.826057791709899902e-01
1.229658052325248718e-01 3.422875404357910156e-01 -6.623831391334533691e-02 -5.904814004898071289e-01 3.931056857109069824e-01 -3.804149031639099121e-01 5.933668017387390137e-01
1.228637546300888062e-01 3.421729505062103271e-01 -6.598961353302001953e-02 -6.119557023048400879e-01 3.600764870643615723e-01 -3.484477102756500244e-01 6.119146347045898438e-01
1.223908886313438416e-01 3.421550989151000977e-01 -6.607002019882202148e-02 -6.324514746665954590e-01 3.243724703788757324e-01 -3.093909323215484619e-01 6.317158341407775879e-01
1.221383884549140930e-01 3.421994149684906006e-01 -6.599932909011840820e-02 -6.540125012397766113e-01 2.854294776916503906e-01 -2.675453126430511475e-01 6.474699378013610840e-01
1.218008473515510559e-01 3.418961167335510254e-01 -6.562444567680358887e-02 -6.695359945297241211e-01 2.495872974395751953e-01 -2.277081906795501709e-01 6.614958643913269043e-01
1.216293200850486755e-01 3.419429361820220947e-01 -6.576353311538696289e-02 -6.828438639640808105e-01 2.125200629234313965e-01 -1.892219036817550659e-01 6.728702783584594727e-01
1.213171705603599548e-01 3.418031632900238037e-01 -6.567212939262390137e-02 -6.955599784851074219e-01 1.713923215866088867e-01 -1.459431201219558716e-01 6.822913885116577148e-01
1.211032792925834656e-01 3.413795828819274902e-01 -6.566777825355529785e-02 -7.054340243339538574e-01 1.287706494331359863e-01 -1.003625318408012390e-01 6.897159814834594727e-01
1.208698004484176636e-01 3.410375714302062988e-01 -6.581649184226989746e-02 -7.132702469825744629e-01 8.807784318923950195e-02 -5.699440464377403259e-02 6.929929852485656738e-01
1.207437366247177124e-01 3.405375182628631592e-01 -6.605073809623718262e-02 -7.174527049064636230e-01 4.466319084167480469e-02 -1.368962880223989487e-02 6.950391530990600586e-01
1.206686943769454956e-01 3.402294516563415527e-01 -6.625673174858093262e-02 -7.194225192070007324e-01 5.914509296417236328e-03 2.421673387289047241e-02 6.941251158714294434e-01
1.206459701061248779e-01 3.397062718868255615e-01 -6.635355949401855469e-02 -7.178673148155212402e-01 -3.260731697082519531e-02 6.626000255346298218e-02 6.922520995140075684e-01
1.205776482820510864e-01 3.391772508621215820e-01 -6.647652387619018555e-02 -7.133211493492126465e-01 -7.688605785369873047e-02 1.083787679672241211e-01 6.881244778633117676e-01
1.206084489822387695e-01 3.386094272136688232e-01 -6.643471121788024902e-02 -7.058655023574829102e-01 -1.178237795829772949e-01 1.451518684625625610e-01 6.832293868064880371e-01
1.207597851753234863e-01 3.378246724605560303e-01 -6.620579957962036133e-02 -6.971430182456970215e-01 -1.574999690055847168e-01 1.845681816339492798e-01 6.746255755424499512e-01
1.208127662539482117e-01 3.369885683059692383e-01 -6.597572565078735352e-02 -6.858032941818237305e-01 -1.966348886489868164e-01 2.259796112775802612e-01 6.632810831069946289e-01
1.210528910160064697e-01 3.362986147403717041e-01 -6.584253907203674316e-02 -6.711047887802124023e-01 -2.409437298774719238e-01 2.690377831459045410e-01 6.474435329437255859e-01
1.213440597057342529e-01 3.353179395198822021e-01 -6.562981009483337402e-02 -6.531335711479187012e-01 -2.816509604454040527e-01 3.084108829498291016e-01 6.316422820091247559e-01
1.217621117830276489e-01 3.344699144363403320e-01 -6.548655033111572266e-02 -6.347303986549377441e-01 -3.168635368347167969e-01 3.454782068729400635e-01 6.142960190773010254e-01
1.223048046231269836e-01 3.335762917995452881e-01 -6.535318493843078613e-02 -6.103389859199523926e-01 -3.555359840393066406e-01 3.845715522766113281e-01 5.942938327789306641e-01
1.229842305183410645e-01 3.326697945594787598e-01 -6.512337923049926758e-02 -5.845675468444824219e-01 -3.916746973991394043e-01 4.226002395153045654e-01 5.712099671363830566e-01
1.233079582452774048e-01 3.320485353469848633e-01 -6.490918993949890137e-02 -5.602325797080993652e-01 -4.225473999977111816e-01 4.539590179920196533e-01 5.491032600402832031e-01
1.236177906394004822e-01 3.316525518894195557e-01 -6.473588943481445312e-02 -5.312665104866027832e-01 -4.555853605270385742e-01 4.870961904525756836e-01 5.224319696426391602e-01
1.240426450967788696e-01 3.312183618545532227e-01 -6.458362936973571777e-02 -4.997597336769104004e-01 -4.867233633995056152e-01 5.180255174636840820e-01 4.949648380279541016e-01
1.241403594613075256e-01 3.310226798057556152e-01 -6.441134214401245117e-02 -4.791146814823150635e-01 -5.050971508026123047e-01 5.375174283981323242e-01 4.758159816265106201e-01
1.240865290164947510e-01 3.312654495239257812e-01 -6.388941407203674316e-02 -4.744733870029449463e-01 -5.086878538131713867e-01 5.383148193359375000e-01 4.757401347160339355e-01
1.242207810282707214e-01 3.324456512928009033e-01 -6.300970911979675293e-02 -4.653666913509368896e-01 -5.172163248062133789e-01 5.312880277633666992e-01 4.833781123161315918e-01
1.245477870106697083e-01 3.340119719505310059e-01 -6.326383352279663086e-02 -4.669551551342010498e-01 -5.240946412086486816e-01 5.175588130950927734e-01 4.892962872982025146e-01
1.256606429815292358e-01 3.324678838253021240e-01 -6.281852722167968750e-02 -4.613965451717376709e-01 -5.358100533485412598e-01 5.358040332794189453e-01 4.614486098289489746e-01
1.256580352783203125e-01 3.324629068374633789e-01 -6.281843781471252441e-02 -4.612119495868682861e-01 -5.360188484191894531e-01 5.360054373741149902e-01 4.611561596393585205e-01
1.256576329469680786e-01 3.324620723724365234e-01 -6.281676888465881348e-02 -4.611961245536804199e-01 -5.360101461410522461e-01 5.360207557678222656e-01 4.611648619174957275e-01
1.256561726331710815e-01 3.324651718139648438e-01 -6.281799077987670898e-02 -4.611719846725463867e-01 -5.360280275344848633e-01 5.360066294670104980e-01 4.611845314502716064e-01
1.256545186042785645e-01 3.324633240699768066e-01 -6.281775236129760742e-02 -4.611850082874298096e-01 -5.359978675842285156e-01 5.360127091407775879e-01 4.611995816230773926e-01
1.256612837314605713e-01 3.324649035930633545e-01 -6.281620264053344727e-02 -4.611728489398956299e-01 -5.360670089721679688e-01 5.360165834426879883e-01 4.611269533634185791e-01
1.256550252437591553e-01 3.324626982212066650e-01 -6.281846761703491211e-02 -4.611894190311431885e-01 -5.359940528869628906e-01 5.360219478607177734e-01 4.611887335777282715e-01
1.256551444530487061e-01 3.324652314186096191e-01 -6.281778216361999512e-02 -4.611682593822479248e-01 -5.360206365585327148e-01 5.360137224197387695e-01 4.611887335777282715e-01
1.256525814533233643e-01 3.324667215347290039e-01 -6.281846761703491211e-02 -4.612002670764923096e-01 -5.359753370285034180e-01 5.359706878662109375e-01 4.612593352794647217e-01
1.256531924009323120e-01 3.324668407440185547e-01 -6.281822919845581055e-02 -4.612058997154235840e-01 -5.359812378883361816e-01 5.359652638435363770e-01 4.612529575824737549e-01
1.256543844938278198e-01 3.324620723724365234e-01 -6.281810998916625977e-02 -4.612471759319305420e-01 -5.359498262405395508e-01 5.359959006309509277e-01 4.612128138542175293e-01
1.256503015756607056e-01 3.324661552906036377e-01 -6.281927227973937988e-02 -4.611866474151611328e-01 -5.359586477279663086e-01 5.359874367713928223e-01 4.612729549407958984e-01
1.256560832262039185e-01 3.324614167213439941e-01 -6.281879544258117676e-02 -4.612714648246765137e-01 -5.359581708908081055e-01 5.359885096549987793e-01 4.611877501010894775e-01
1.256540119647979736e-01 3.324640095233917236e-01 -6.281745433807373047e-02 -4.612291455268859863e-01 -5.359669327735900879e-01 5.359788537025451660e-01 4.612305164337158203e-01
1.256555616855621338e-01 3.324621617794036865e-01 -6.281802058219909668e-02 -4.612508118152618408e-01 -5.359659194946289062e-01 5.359786152839660645e-01 4.612103402614593506e-01
1.256609559059143066e-01 3.324656188488006592e-01 -6.281754374504089355e-02 -4.612959325313568115e-01 -5.360184907913208008e-01 5.359308719635009766e-01 4.611597955226898193e-01
1.256517320871353149e-01 3.324653208255767822e-01 -6.281819939613342285e-02 -4.612264037132263184e-01 -5.359464287757873535e-01 5.359997749328613281e-01 4.612332284450531006e-01
1.256520897150039673e-01 3.324671685695648193e-01 -6.281784176826477051e-02 -4.612164199352264404e-01 -5.359655022621154785e-01 5.359802842140197754e-01 4.612433016300201416e-01
1.256483048200607300e-01 3.324702680110931396e-01 -6.281873583793640137e-02 -4.611656069755554199e-01 -5.359635353088378906e-01 5.359838008880615234e-01 4.612926542758941650e-01
1.256524026393890381e-01 3.324657380580902100e-01 -6.281808018684387207e-02 -4.612310230731964111e-01 -5.359562039375305176e-01 5.359904170036315918e-01 4.612277448177337646e-01
1.256440579891204834e-01 3.324702680110931396e-01 -6.281879544258117676e-02 -4.611765444278717041e-01 -5.359386801719665527e-01 5.360215306282043457e-01 4.612664282321929932e-01
1.256506145000457764e-01 3.324697613716125488e-01 -6.281876564025878906e-02 -4.612199962139129639e-01 -5.359799861907958984e-01 5.359981656074523926e-01 4.612022638320922852e-01
1.256511658430099487e-01 3.324720263481140137e-01 -6.281787157058715820e-02 -4.612071216106414795e-01 -5.359988212585449219e-01 5.359708666801452637e-01 4.612248837947845459e-01
1.256584674119949341e-01 3.324657082557678223e-01 -6.281599402427673340e-02 -4.613064229488372803e-01 -5.359868407249450684e-01 5.359792709350585938e-01 4.611296355724334717e-01
1.256527751684188843e-01 3.324681818485260010e-01 -6.281822919845581055e-02 -4.612498581409454346e-01 -5.359743833541870117e-01 5.359958410263061523e-01 4.611817002296447754e-01
1.256502270698547363e-01 3.324698209762573242e-01 -6.281813979148864746e-02 -4.612236618995666504e-01 -5.359751582145690918e-01 5.359953045845031738e-01 4.612076878547668457e-01
1.256498992443084717e-01 3.324707150459289551e-01 -6.281769275665283203e-02 -4.612067043781280518e-01 -5.359766483306884766e-01 5.359935760498046875e-01 4.612249135971069336e-01
1.256476491689682007e-01 3.324703276157379150e-01 -6.281816959381103516e-02 -4.611923396587371826e-01 -5.359590649604797363e-01 5.360111594200134277e-01 4.612392485141754150e-01
1.256480813026428223e-01 3.324707448482513428e-01 -6.281819939613342285e-02 -4.611923396587371826e-01 -5.359645485877990723e-01 5.360053181648254395e-01 4.612393081188201904e-01
1.256511807441711426e-01 3.324697017669677734e-01 -6.281822919845581055e-02 -4.612244665622711182e-01 -5.359799265861511230e-01 5.359898209571838379e-01 4.612071514129638672e-01
1.256549656391143799e-01 3.324697911739349365e-01 -6.281784176826477051e-02 -4.612592458724975586e-01 -5.360081195831298828e-01 5.359592437744140625e-01 4.611755907535552979e-01
1.256497651338577271e-01 3.324733674526214600e-01 -6.281828880310058594e-02 -4.611889123916625977e-01 -5.359987616539001465e-01 5.359718799591064453e-01 4.612421095371246338e-01
1.256499737501144409e-01 3.324726223945617676e-01 -6.281808018684387207e-02 -4.611954689025878906e-01 -5.359945893287658691e-01 5.359756350517272949e-01 4.612361788749694824e-01
1.256502568721771240e-01 3.324712812900543213e-01 -6.281855702400207520e-02 -4.612143337726593018e-01 -5.359925031661987305e-01 5.359781980514526367e-01 4.612166583538055420e-01
1.256527155637741089e-01 3.324682116508483887e-01 -6.281822919845581055e-02 -4.612490534782409668e-01 -5.359744429588317871e-01 5.359959006309509277e-01 4.611825048923492432e-01
1.256478130817413330e-01 3.324723839759826660e-01 -6.281778216361999512e-02 -4.611765742301940918e-01 -5.359748005867004395e-01 5.359956026077270508e-01 4.612548649311065674e-01
1.256547719240188599e-01 3.324698507785797119e-01 -6.281688809394836426e-02 -4.612500071525573730e-01 -5.360100269317626953e-01 5.359635353088378906e-01 4.611775875091552734e-01
1.256489902734756470e-01 3.324702382087707520e-01 -6.281805038452148438e-02 -4.612030684947967529e-01 -5.359663367271423340e-01 5.360039472579956055e-01 4.612284898757934570e-01
1.256589293479919434e-01 3.324995040893554688e-01 -6.282395124435424805e-02 -4.606582820415496826e-01 -5.366662144660949707e-01 5.362042188644409180e-01 4.607262611389160156e-01
1.256287395954132080e-01 3.326177000999450684e-01 -6.283432245254516602e-02 -4.609974324703216553e-01 -5.367059111595153809e-01 5.356019139289855957e-01 4.610408544540405273e-01
1.255609095096588135e-01 3.335349857807159424e-01 -6.306481361389160156e-02 -4.274993538856506348e-01 -5.649538636207580566e-01 5.548408031463623047e-01 4.361456632614135742e-01
1.258553117513656616e-01 3.334728181362152100e-01 -6.314298510551452637e-02 -4.124277234077453613e-01 -5.825511217117309570e-01 5.659289956092834473e-01 4.126280844211578369e-01
1.263309270143508911e-01 3.334136903285980225e-01 -6.317502260208129883e-02 -4.113729894161224365e-01 -5.845468044281005859e-01 5.667108893394470215e-01 4.097754359245300293e-01
1.267427504062652588e-01 3.333460986614227295e-01 -6.325620412826538086e-02 -4.200747311115264893e-01 -5.826606750488281250e-01 5.614658594131469727e-01 4.108527302742004395e-01
1.271562427282333374e-01 3.332942128181457520e-01 -6.336474418640136719e-02 -4.141445159912109375e-01 -5.896038413047790527e-01 5.641106367111206055e-01 4.032749235630035400e-01
1.274083405733108521e-01 3.331765830516815186e-01 -6.339904665946960449e-02 -3.929843306541442871e-01 -6.015037894248962402e-01 5.800949931144714355e-01 3.837271332740783691e-01
1.274742335081100464e-01 3.333818316459655762e-01 -6.352317333221435547e-02 -3.602505326271057129e-01 -6.219693422317504883e-01 5.987091064453125000e-01 3.534419834613800049e-01
1.277627050876617432e-01 3.334130942821502686e-01 -6.338053941726684570e-02 -3.219885826110839844e-01 -6.414133310317993164e-01 6.200797557830810547e-01 3.168806731700897217e-01
1.279564946889877319e-01 3.335672318935394287e-01 -6.345596909523010254e-02 -2.799502909183502197e-01 -6.606429815292358398e-01 6.378095746040344238e-01 2.799593508243560791e-01
1.280115991830825806e-01 3.336499929428100586e-01 -6.349316239356994629e-02 -2.399958819150924683e-01 -6.756638288497924805e-01 6.527729034423828125e-01 2.444747835397720337e-01
1.276154369115829468e-01 3.337975740432739258e-01 -6.347587704658508301e-02 -1.993097364902496338e-01 -6.878949999809265137e-01 6.661650538444519043e-01 2.080874443054199219e-01
1.274285018444061279e-01 3.337110579013824463e-01 -6.341898441314697266e-02 -1.575492769479751587e-01 -6.977900862693786621e-01 6.785180568695068359e-01 1.669739484786987305e-01
1.273670196533203125e-01 3.335233926773071289e-01 -6.330421566963195801e-02 -1.121904402971267700e-01 -7.056031227111816406e-01 6.890945434570312500e-01 1.211867779493331909e-01
1.273179203271865845e-01 3.335117995738983154e-01 -6.312254071235656738e-02 -6.933571398258209229e-02 -7.108761072158813477e-01 6.955947279930114746e-01 7.743093371391296387e-02
